132,268
206,217
104,206
343,488
68,283
257,448
255,375
76,107
7,273
301,491
86,337
227,276
139,163
125,265
89,342
171,381
9,319
138,204
234,437
5,348
239,286
27,107
104,327
71,150
16,214
62,330
153,448
213,270
106,107
89,463
97,287
23,109
47,466
162,453
69,225
363,443
321,446
132,281
99,104
257,461
16,106
7,286
122,236
34,389
15,110
309,328
166,279
419,459
245,343
391,397
28,345
36,169
110,118
96,220
187,338
25,276
393,443
305,330
134,448
20,346
133,223
69,467
69,238
146,458
173,295
118,359
76,362
81,477
15,123
328,354
78,179
210,298
289,362
275,464
261,300
333,405
233,467
134,461
138,351
45,123
91,239
55,316
58,62
85,424
186,247
131,311
2,426
318,403
230,290
15,365
120,418
142,177
221,470
240,483
54,64
381,422
40,129
205,462
23,485
12,67
251,349
163,236
94,365
140,252
52,368
126,317
453,483
186,368
112,419
79,242
24,306
277,486
43,319
38,470
38,241
10,142
304,360
15,257
161,311
68,83
182,370
223,371
130,180
388,475
302,435
195,309
167,476
126,438
38,362
79,363
24,427
365,491
420,427
1,443
183,191
221,483
36,437
204,250
300,483
374,432
126,330
32,143
246,368
91,494
86,150
251,483
77,330
278,320
116,258
101,394
114,333
86,500
34,81
466,492
177,389
218,390
42,430
264,277
162,266
327,333
280,487
5,282
257,274
329,379
67,379
213,433
292,497
245,385
350,438
23,43
28,158
281,338
148,452
181,400
60,110
151,457
192,495
63,381
192,266
445,446
104,382
197,344
40,397
171,328
157,393
97,113
14,344
41,218
440,452
32,398
287,395
20,280
171,449
190,462
264,411
143,350
247,444
123,408
238,395
164,180
62,398
296,336
141,462
227,465
120,339
240,404
144,467
56,354
243,409
437,460
275,398
32,411
118,414
173,350
197,478
145,288
52,60
38,162
29,342
15,178
328,409
273,473
414,449
111,411
18,183
312,401
243,301
215,468
196,226
289,417
435,471
187,406
85,358
159,344
277,299
356,363
428,468
20,414
78,355
386,471
124,242
377,422
110,307
270,296
333,352
233,414
30,314
420,469
71,352
38,175
76,430
230,345
15,191
142,232
59,463
474,476
64,312
105,350
110,428
310,489
84,412
304,415
68,138
221,417
45,420
193,318
265,423
210,258
182,425
316,425
168,261
462,479
162,187
360,431
332,369
84,304
10,318
290,372
288,299
147,323
26,33
58,251
149,369
94,433
355,474
176,243
374,487
107,372
267,361
98,323
46,133
406,439
280,300
304,428
51,211
362,369
40,318
155,305
293,498
205,422
61,377
281,380
401,482
253,318
137,372
137,143
183,259
100,490
17,492
58,264
176,485
9,79
33,436
211,442
134,195
232,272
20,93
3,449
70,210
364,391
102,391
341,444
179,382
146,434
60,165
63,436
82,449
123,450
211,334
90,273
257,450
16,95
164,222
35,108
53,391
287,329
218,458
70,331
144,280
111,332
42,498
135,460
83,270
28,334
9,321
229,324
261,276
192,442
35,458
30,114
136,281
361,399
6,171
111,224
245,453
83,391
248,458
143,176
129,278
201,383
27,230
187,219
192,334
145,222
21,452
2,173
356,405
180,445
139,178
231,410
129,399
132,404
13,224
25,278
393,445
159,278
30,356
200,279
252,469
164,356
16,229
324,345
217,219
208,399
194,464
268,413
120,286
180,337
221,338
166,173
465,469
243,356
248,471
36,63
160,358
206,474
407,464
159,399
236,353
222,418
180,458
87,230
133,346
419,474
45,233
284,286
96,464
160,479
242,289
168,303
27,364
351,461
310,423
277,475
230,400
175,235
17,292
237,295
108,410
242,410
316,359
85,426
167,236
19,72
63,115
175,356
1,432
101,141
240,485
40,131
91,362
196,415
204,239
346,359
170,362
65,80
376,467
216,249
109,123
174,252
45,367
205,356
12,190
91,483
119,316
270,485
149,424
8,485
130,182
278,309
190,196
388,477
429,478
234,239
43,442
170,483
170,254
216,370
339,440
53,83
264,266
314,383
33,370
93,384
79,486
376,480
109,365
417,481
329,368
141,317
31,445
177,270
471,488
77,332
149,437
176,311
181,389
267,429
327,443
387,494
13,24
109,486
35,271
169,271
174,386
260,389
7,209
361,441
86,273
58,440
70,265
278,443
61,445
176,432
121,496
148,333
368,373
165,273
63,491
63,262
357,443
21,494
269,330
150,379
183,327
389,432
241,268
48,102
227,333
72,459
347,435
125,322
292,499
56,451
171,438
4,32
171,209
9,376
303,328
107,453
146,381
41,99
266,446
104,384
238,384
257,397
342,441
34,325
56,343
185,228
245,279
317,384
336,397
234,386
55,118
219,226
442,500
37,451
245,400
229,392
143,352
248,405
148,467
8,164
247,446
393,500
104,397
85,118
425,452
7,464
43,121
194,290
166,457
6,239
284,449
69,295
96,169
8,285
335,414
379,457
71,341
136,470
76,190
203,231
34,459
268,360
4,287
205,277
270,406
215,470
349,470
173,473
85,360
30,424
167,170
84,401
208,467
282,416
87,406
161,355
73,242
4,408
119,129
91,296
127,478
94,301
462,468
38,406
33,62
272,344
38,177
112,126
117,470
279,468
174,186
45,301
31,137
397,460
256,484
3,75
66,360
140,309
88,119
167,412
33,183
112,247
1,379
265,425
31,258
91,309
3,425
399,425
292,299
89,199
149,250
314,317
162,189
19,140
198,371
423,489
15,435
86,315
237,484
88,132
33,196
112,489
74,197
24,376
332,492
244,379
371,420
197,267
362,371
207,497
408,487
81,92
265,438
58,374
366,490
89,441
468,474
13,79
156,387
142,489
271,374
216,438
128,325
287,318
130,371
135,449
396,490
107,387
327,390
148,159
151,393
357,498
109,433
197,280
128,446
35,218
169,218
155,320
241,323
7,156
287,439
53,272
254,262
345,380
248,447
354,385
426,490
51,347
238,439
123,223
384,493
40,454
2,162
62,213
136,162
153,331
419,450
102,285
14,401
69,337
143,286
60,288
220,277
113,151
7,398
87,98
326,380
157,342
363,447
41,396
160,347
55,65
146,449
187,221
44,401
233,337
305,442
238,452
38,98
34,393
122,240
153,344
106,232
400,450
240,461
359,449
55,415
129,401
289,353
74,465
27,353
333,396
99,229
217,450
38,219
24,55
153,465
15,235
161,289
20,350
1,71
166,404
111,468
226,455
138,342
50,458
344,410
55,307
182,348
22,130
127,183
206,476
228,235
233,350
24,176
222,420
175,345
82,117
101,130
1,192
106,474
18,361
105,286
36,415
210,302
96,466
316,469
154,178
233,471
71,409
112,410
18,482
54,176
119,305
31,192
110,485
36,307
316,361
300,353
214,313
66,186
38,353
406,483
10,254
122,495
161,423
298,428
380,467
399,480
110,377
237,418
163,240
223,254
42,179
355,410
214,434
313,413
24,310
46,69
478,480
230,415
156,200
101,264
290,429
68,87
147,380
152,495
45,369
265,372
325,423
17,307
314,493
11,492
239,319
10,496
46,190
151,206
189,498
464,474
422,477
114,324
274,313
260,378
81,147
380,480
17,428
130,305
61,205
314,385
9,15
28,257
102,206
19,437
373,440
290,442
269,319
257,265
329,370
174,496
241,257
218,273
75,490
190,440
176,313
146,370
220,319
239,332
32,268
371,488
343,426
255,313
62,147
213,316
53,98
364,448
9,257
336,386
437,438
248,273
132,327
440,443
285,340
123,278
255,434
169,394
141,332
134,144
359,491
171,440
56,224
42,326
391,443
88,442
454,499
132,448
247,435
85,107
30,171
241,391
227,456
37,332
303,451
69,284
143,233
148,348
197,469
30,292
134,386
122,295
328,400
433,453
28,404
243,292
143,354
330,446
96,279
22,64
8,166
261,346
154,220
90,464
305,389
236,289
29,225
268,470
20,405
386,462
4,168
270,287
330,338
275,402
60,477
77,121
25,456
233,405
379,459
57,408
217,397
76,421
222,475
10,67
34,461
222,246
221,287
6,362
133,174
372,456
251,395
31,126
270,408
163,282
289,421
110,190
127,359
187,410
283,347
145,413
57,300
2,364
84,403
337,354
208,469
307,411
18,308
133,295
119,131
64,195
191,236
77,134
360,422
43,257
225,234
147,314
78,480
196,472
11,426
214,260
167,414
272,467
93,199
79,301
46,124
29,480
101,319
343,347
265,427
163,416
22,440
3,198
297,416
283,481
314,319
85,496
200,483
98,435
170,311
271,363
381,494
18,442
12,368
26,37
339,497
292,422
237,486
311,435
130,360
112,491
198,494
387,430
238,307
142,370
54,486
265,440
278,379
264,444
176,368
162,433
327,500
5,220
21,430
155,430
62,202
172,333
378,438
185,272
116,438
350,376
83,261
135,451
157,210
148,390
201,253
148,161
123,333
30,105
95,500
255,489
227,390
213,492
347,492
218,341
125,150
42,381
116,330
102,395
321,439
426,492
90,277
164,226
57,100
34,382
29,38
39,460
287,333
273,398
37,158
160,457
46,392
247,382
99,218
25,40
104,333
2,285
122,350
153,454
111,457
92,215
157,344
231,293
143,409
449,452
8,221
5,475
335,350
321,452
38,100
76,355
296,395
39,473
78,172
205,213
317,454
17,162
215,406
110,124
94,116
333,398
99,231
393,449
11,347
268,417
367,396
17,283
108,401
297,337
25,403
407,468
44,416
66,175
126,189
24,178
277,358
10,14
249,296
17,404
17,175
91,124
311,356
22,253
30,373
126,310
167,348
268,430
1,315
161,304
106,368
67,117
191,412
110,487
344,425
223,364
168,428
130,173
42,60
209,237
341,356
401,407
98,369
84,471
115,309
82,132
161,425
274,302
191,304
53,74
177,369
36,430
17,417
94,371
313,415
98,261
392,479
46,71
277,492
15,492
10,148
54,420
436,485
307,371
193,498
67,130
72,208
218,262
168,441
314,495
42,73
262,305
448,495
28,138
79,369
406,498
170,487
211,259
183,197
95,313
72,100
70,256
341,490
107,323
27,34
51,162
68,331
114,447
389,423
86,385
158,490
53,208
292,490
75,492
42,315
102,329
281,331
363,370
167,495
104,375
51,283
49,210
343,428
269,442
40,390
185,219
245,270
102,450
229,262
275,378
41,211
220,442
151,342
266,329
178,216
357,447
62,270
48,106
232,452
180,262
452,455
185,340
23,278
143,343
308,447
5,409
132,450
206,399
151,463
8,155
25,95
425,443
136,340
241,393
53,342
20,394
226,499
92,270
69,286
229,275
160,404
132,342
206,291
197,471
71,332
439,499
310,348
203,222
64,292
83,342
45,50
242,335
173,464
250,455
365,405
2,353
29,227
175,281
120,345
326,450
92,283
279,338
4,170
284,453
41,466
127,469
173,356
85,243
203,464
351,399
184,222
57,181
120,466
115,122
59,456
147,303
18,189
45,292
173,477
186,416
131,480
184,343
43,367
189,421
170,179
15,305
235,308
367,464
147,195
386,477
45,413
58,123
383,408
283,470
80,141
66,243
198,362
225,236
161,480
87,302
202,252
188,354
54,125
95,126
86,306
12,128
31,141
55,498
94,426
346,418
184,356
82,308
63,66
101,321
128,424
7,134
339,378
72,263
292,303
125,126
149,254
190,255
42,128
322,411
162,193
63,187
216,429
40,432
202,265
67,306
375,422
394,435
58,486
177,437
306,322
378,427
237,488
158,195
195,491
167,429
368,419
313,483
10,445
170,434
192,193
109,424
54,488
257,322
202,386
21,311
343,362
288,426
169,209
62,83
241,314
301,365
153,201
347,481
158,316
452,497
89,445
19,386
373,389
252,328
417,432
62,204
136,153
81,217
260,448
320,499
153,322
287,322
39,220
116,440
56,160
264,338
129,379
234,432
132,384
27,102
192,435
211,448
472,489
164,336
197,284
475,494
227,392
70,445
405,435
138,320
97,282
364,397
391,500
468,491
146,440
55,56
27,223
280,440
324,446
384,497
38,89
2,166
29,40
34,384
227,284
122,231
328,336
23,225
97,174
96,215
160,230
99,220
62,338
84,97
328,457
326,384
133,218
78,282
152,231
446,449
168,175
113,276
16,343
136,408
122,244
92,338
36,406
187,346
154,398
154,169
233,462
25,284
453,465
219,298
29,403
175,457
115,177
122,365
328,470
163,339
94,239
140,355
38,344
217,346
131,306
258,347
304,463
290,299
78,416
334,342
75,347
173,424
314,363
52,363
131,427
291,416
79,237
5,22
46,60
40,245
174,245
270,478
223,366
283,417
228,481
42,62
66,419
214,317
420,422
19,78
98,371
381,430
279,419
17,419
91,368
177,371
182,486
256,435
383,476
149,309
61,196
355,414
135,145
52,376
258,481
285,318
271,420
128,371
73,435
18,499
95,194
274,425
293,438
155,245
246,363
177,263
471,481
149,430
281,320
267,422
33,255
257,377
40,379
7,202
380,484
58,433
125,194
292,371
37,81
424,490
102,210
248,264
308,315
74,148
239,444
459,484
197,218
150,372
315,439
67,374
6,98
88,433
148,447
74,269
60,334
165,387
65,449
178,326
324,380
257,390
90,213
329,495
2,100
67,495
53,331
213,320
361,447
70,500
364,452
83,439
138,146
143,224
14,339
27,278
354,444
63,497
159,205
255,438
213,441
359,495
180,264
92,151
28,395
69,396
50,154
451,498
234,500
349,450
46,449
27,170
90,455
207,222
59,95
83,452
102,465
69,288
17,98
22,176
11,283
219,461
71,334
16,398
11,54
296,452
337,453
48,350
263,275
139,468
37,457
212,458
331,409
243,296
143,358
247,452
333,455
25,339
352,468
52,176
38,49
131,240
268,474
20,409
194,296
97,363
358,404
108,229
402,410
335,420
126,246
200,232
392,402
230,340
101,189
152,420
18,191
64,307
110,423
270,412
3,68
8,412
223,300
198,243
318,345
244,359
170,181
249,474
1,372
106,425
191,469
191,240
237,356
130,230
256,369
402,423
135,308
462,474
47,195
33,297
52,310
24,477
207,369
31,372
163,299
70,71
154,479
195,251
374,482
181,316
162,303
272,471
24,369
68,375
177,318
70,192
168,498
116,308
383,423
63,418
404,482
183,483
40,434
394,437
31,385
350,367
61,264
195,493
157,201
107,380
368,421
151,157
475,483
213,483
72,278
350,488
231,271
47,450
239,391
13,85
192,316
257,445
35,103
169,332
67,321
158,439
97,163
9,316
129,381
74,445
129,152
96,204
187,322
51,461
90,389
164,338
16,211
2,276
141,391
39,343
226,435
105,145
47,463
165,455
247,494
13,327
99,101
2,168
296,386
48,284
34,386
53,399
359,442
64,228
50,330
143,292
201,499
41,281
187,335
32,461
38,212
150,453
71,160
263,330
194,230
180,332
39,356
312,451
4,335
9,450
97,297
124,400
105,158
243,351
344,403
449,456
200,395
233,343
126,180
117,397
356,413
15,349
139,415
106,467
205,217
13,461
154,171
233,464
374,403
71,402
186,352
351,456
10,126
249,408
344,416
8,467
61,64
186,244
15,362
142,403
224,472
91,357
3,244
163,233
182,475
94,362
99,477
80,198
126,314
112,416
346,354
79,239
73,424
193,489
45,362
31,198
325,416
110,491
204,355
58,72
121,357
61,77
52,486
68,201
147,494
255,293
21,126
339,435
380,473
232,309
177,373
402,491
42,185
80,440
107,314
52,378
38,480
146,242
93,150
5,37
266,307
101,499
257,258
436,489
188,424
26,325
58,314
218,266
429,486
52,499
308,425
341,373
234,247
255,306
21,139
67,255
359,363
259,425
70,260
23,148
317,366
294,382
5,279
373,446
151,333
27,38
250,312
417,489
269,325
114,451
12,440
53,441
306,392
171,433
190,446
83,320
162,384
148,449
234,489
41,323
41,94
132,441
27,159
32,274
285,454
238,379
324,382
26,459
361,449
56,338
317,379
55,113
280,497
8,38
27,280
132,333
197,462
71,94
370,390
136,223
328,393
273,457
78,218
157,282
143,347
41,336
113,212
99,277
136,344
122,409
103,167
194,285
92,274
345,454
152,288
18,59
187,282
57,401
236,403
184,213
263,277
142,216
268,355
73,116
152,409
119,232
231,473
31,119
325,337
416,455
242,339
99,290
107,114
291,460
365,409
131,242
29,231
249,463
268,476
161,350
235,299
87,172
73,237
326,454
59,339
18,301
105,455
224,406
344,471
96,406
22,420
163,167
3,178
209,283
173,360
121,170
392,404
161,242
155,168
174,181
119,245
72,133
77,248
75,175
186,420
198,245
189,425
450,466
161,363
17,355
108,473
209,296
195,361
200,476
290,369
362,474
100,474
155,181
193,436
306,313
3,312
350,356
9,63
88,127
74,192
327,372
368,410
313,474
373,488
189,438
54,479
183,364
202,377
21,302
81,87
70,194
278,372
42,361
424,426
93,326
165,431
280,418
404,484
155,423
95,143
7,30
53,375
232,377
199,200
37,138
396,485
198,500
220,259
271,490
123,326
431,442
90,149
134,192
86,444
72,280
20,90
382,442
160,329
104,434
145,206
357,385
57,93
269,272
62,208
29,31
125,493
273,391
166,265
345,496
185,278
396,498
160,221
5,347
187,324
192,439
71,149
34,496
282,332
4,95
157,337
55,289
215,278
146,444
5,468
261,394
247,496
44,396
426,498
233,332
319,335
219,397
164,461
38,93
76,348
35,347
62,450
120,162
460,496
152,343
212,394
182,222
187,337
247,388
32,463
333,391
99,224
434,443
236,458
351,445
76,240
15,230
328,461
78,286
205,327
138,337
193,236
17,276
229,455
127,407
256,292
316,343
154,281
25,396
173,294
214,295
319,348
272,273
161,176
106,240
243,474
17,168
270,348
163,222
22,246
66,289
217,458
43,305
106,361
207,413
100,287
22,367
8,469
302,421
140,359
88,169
52,246
19,69
43,426
277,364
82,125
109,228
54,63
353,359
298,423
110,372
75,122
116,123
288,351
207,426
155,236
45,364
353,480
72,201
259,293
66,423
448,488
195,308
126,437
286,426
368,465
179,300
280,352
137,303
95,306
255,295
463,473
174,370
53,80
396,419
33,367
14,88
225,308
5,39
137,424
104,247
68,324
183,311
7,314
58,316
89,383
70,141
245,371
264,384
171,193
308,427
473,494
239,327
225,429
266,430
13,21
68,445
238,368
257,381
35,268
260,386
86,499
320,437
301,424
172,273
364,443
231,328
262,432
275,371
41,204
220,435
32,384
51,397
266,322
159,196
150,376
255,429
114,453
117,199
375,494
12,442
273,446
240,269
37,206
23,271
248,389
234,491
55,223
41,96
11,153
85,102
329,499
53,335
488,492
106,161
152,277
4,150
405,494
212,328
275,384
261,449
13,384
187,271
206,284
118,171
219,223
250,327
370,392
263,266
356,457
359,499
73,105
133,156
97,462
331,400
138,271
391,451
50,158
91,159
110,172
118,292
233,279
217,271
131,231
236,284
103,398
43,118
23,405
105,215
243,408
303,459
251,269
418,446
284,446
3,167
41,459
154,336
228,285
300,390
186,288
15,406
194,408
395,398
92,397
45,285
212,462
413,452
64,298
372,451
17,223
416,457
8,403
195,229
191,231
399,409
443,452
168,247
25,464
167,288
203,470
82,180
249,357
142,231
54,118
196,467
110,427
256,481
8,416
314,422
33,180
24,360
258,298
10,196
49,124
68,137
45,419
105,470
172,194
325,473
190,248
80,376
286,481
179,355
244,484
51,89
290,371
73,373
174,425
100,247
7,19
320,479
34,122
72,148
70,75
116,191
47,91
373,490
211,428
271,479
202,379
95,253
408,484
67,420
264,439
61,376
262,366
93,328
239,382
244,497
285,498
44,143
156,384
169,323
53,148
347,366
359,420
190,382
157,205
148,385
93,449
41,259
220,261
274,497
2,38
282,321
34,256
287,436
53,269
172,449
20,92
259,374
83,377
248,444
113,256
239,395
266,498
104,436
123,449
30,221
71,259
257,449
57,95
259,495
37,382
4,205
138,205
127,275
27,337
266,390
104,328
305,318
475,500
34,269
309,437
414,490
326,377
6,170
83,390
45,98
196,267
146,446
173,283
319,337
11,221
164,463
379,388
131,286
84,211
15,111
207,281
23,460
205,208
377,463
143,296
330,388
316,453
25,277
319,458
16,457
57,229
310,409
386,404
45,111
91,227
430,447
8,458
30,476
38,337
222,417
337,404
276,394
161,178
133,345
207,294
58,171
237,402
3,235
182,237
402,469
94,124
300,458
85,304
79,230
291,409
76,484
103,358
189,361
249,412
156,184
87,350
202,300
235,248
59,288
152,479
31,189
344,420
163,345
58,63
94,245
42,55
80,310
167,464
126,426
179,289
156,305
276,407
334,348
224,476
353,361
311,364
130,289
75,353
297,466
56,74
116,125
195,418
47,254
341,472
126,318
79,472
459,464
46,66
156,426
101,490
156,197
197,198
21,238
389,405
114,200
100,302
26,316
86,367
58,305
75,474
171,182
42,297
369,426
314,490
61,310
28,133
470,478
181,375
341,364
33,477
253,480
79,364
24,428
10,493
285,432
404,420
82,369
142,420
109,472
104,128
147,498
307,487
7,195
174,372
141,195
447,467
172,262
58,426
56,87
135,380
262,421
162,483
195,431
121,482
360,498
253,372
198,436
239,437
32,144
274,431
34,190
177,498
20,26
75,487
190,437
28,146
308,429
234,251
160,265
60,98
211,496
151,216
68,447
30,155
90,206
35,270
329,488
150,257
26,450
246,490
447,480
172,275
39,389
278,442
157,381
146,259
132,324
192,375
252,389
178,211
30,47
21,493
169,391
208,319
134,141
139,219
39,281
240,271
245,386
157,273
243,276
14,224
27,163
393,486
219,333
150,499
131,220
35,283
84,145
122,400
48,222
428,443
120,327
326,432
9,496
105,204
243,397
284,435
437,448
41,448
316,387
99,389
305,494
164,289
117,443
222,230
180,499
69,402
132,458
173,459
85,346
66,104
425,451
24,107
84,158
409,443
6,467
152,292
23,407
50,281
27,297
421,453
99,402
173,351
121,161
79,164
103,292
268,359
78,464
152,413
353,403
432,467
196,456
91,174
77,239
330,456
108,343
163,279
27,418
209,395
283,344
121,282
66,346
33,169
346,400
112,233
43,362
115,238
1,365
147,419
307,408
128,177
207,470
4,407
386,472
210,475
344,475
168,478
443,454
85,480
57,418
216,411
1,486
276,462
68,247
100,236
298,480
17,467
130,344
195,244
167,411
19,247
115,480
183,355
147,432
3,424
77,373
204,414
22,437
168,491
283,478
225,473
211,309
63,182
1,499
257,425
343,465
95,363
381,491
255,352
95,134
35,83
119,491
193,440
12,365
155,185
438,473
204,306
61,486
28,309
102,258
179,478
239,263
280,301
390,432
90,140
7,142
260,322
26,155
287,425
361,374
72,271
37,250
364,379
61,378
28,430
88,481
181,443
179,370
46,484
239,384
60,153
164,210
417,427
100,491
287,317
47,335
229,312
69,94
50,81
41,261
60,274
44,266
357,497
49,381
109,432
329,435
150,204
296,487
361,387
139,274
56,276
363,433
382,446
74,330
349,498
236,328
29,264
342,495
120,153
111,333
56,397
312,323
331,336
317,438
138,207
14,400
91,95
129,387
333,382
305,320
236,449
76,231
103,105
15,221
342,387
92,441
6,172
138,328
124,164
330,498
41,395
297,321
256,283
316,334
159,387
233,336
66,159
219,401
30,465
136,403
20,457
268,293
207,283
224,452
91,108
108,277
27,352
13,454
99,457
154,393
80,178
233,457
33,103
112,396
52,116
57,460
112,167
76,473
43,296
411,463
268,414
1,70
45,113
265,345
86,114
36,293
42,44
186,466
98,353
63,103
323,471
334,337
86,235
243,478
119,183
12,57
210,301
31,299
58,173
300,460
19,181
313,399
10,361
46,55
63,224
128,353
193,482
353,471
100,291
193,253
177,245
75,463
108,411
8,473
314,479
88,173
38,352
93,251
19,73
170,242
1,433
343,399
202,423
422,463
155,348
64,489
70,240
311,366
383,471
341,474
79,474
19,194
93,143
253,361
376,468
183,302
128,366
155,469
147,379
40,253
246,358
67,127
121,363
28,135
162,364
181,377
253,482
179,304
165,369
299,369
32,254
390,487
147,500
141,426
72,326
177,379
77,441
278,431
223,495
23,141
9,243
197,213
183,315
164,265
35,380
54,430
241,485
62,254
260,498
241,256
347,423
359,477
20,28
89,387
56,210
190,439
162,377
107,441
60,329
113,192
13,254
285,447
324,375
384,426
125,431
218,393
364,447
28,498
23,154
124,206
143,219
36,93
148,334
96,144
294,388
27,273
338,431
236,383
76,165
241,498
136,216
7,331
125,323
166,324
37,210
231,453
28,390
124,327
330,432
201,318
113,205
25,321
154,206
247,434
384,439
43,109
34,326
120,329
133,268
446,499
4,154
243,399
69,283
251,260
160,401
8,273
252,404
145,278
186,279
38,152
76,407
117,445
29,332
208,334
37,452
18,173
152,402
224,278
196,216
22,63
228,397
302,346
346,389
323,405
276,330
78,345
108,453
22,184
319,407
167,279
52,63
184,219
222,474
194,412
202,236
18,415
133,402
45,289
191,343
210,356
416,461
3,63
223,295
80,246
214,246
346,402
167,171
387,403
156,241
288,397
114,244
408,462
279,348
380,400
191,235
232,236
177,300
3,184
47,190
200,469
126,254
313,346
277,423
404,464
82,413
115,361
244,246
216,413
161,477
276,464
155,174
279,469
7,10
12,125
91,418
94,423
9,56
195,246
47,82
286,364
299,303
343,346
147,434
155,295
141,360
45,423
260,311
12,475
174,308
306,427
172,198
58,362
195,367
162,419
47,203
327,486
225,475
51,322
197,376
183,478
21,187
315,368
359,411
292,421
350,362
295,426
248,314
19,491
308,365
253,429
148,376
239,494
373,494
266,368
211,432
118,204
255,475
48,145
287,427
213,249
345,368
69,204
363,422
308,486
234,308
5,448
165,437
46,486
385,440
25,134
32,322
384,481
95,378
134,306
53,381
139,155
6,40
138,196
143,274
437,492
60,276
159,255
412,435
255,488
263,312
282,325
433,494
39,338
240,328
171,494
231,279
143,395
248,448
143,166
129,268
41,384
187,438
219,390
30,225
338,378
35,340
43,164
337,382
180,435
111,335
312,325
69,338
196,379
31,46
330,379
108,266
289,341
25,268
131,169
62,335
309,441
120,276
221,328
166,392
367,382
64,344
91,218
36,282
330,500
96,333
215,284
297,323
242,387
22,118
449,451
388,441
335,349
27,462
11,225
305,443
219,403
277,344
115,282
230,269
20,459
180,448
87,220
224,454
377,467
17,161
91,110
163,215
27,354
99,459
131,411
161,290
188,393
6,416
207,406
133,228
36,295
163,336
94,236
448,468
85,416
57,354
98,355
65,178
15,357
87,462
101,131
422,452
188,285
21,108
163,228
223,242
355,398
80,193
314,360
267,285
57,475
131,424
5,19
304,352
82,239
3,360
311,476
116,237
283,414
176,288
429,468
148,189
327,420
387,471
10,484
299,358
404,411
63,118
104,119
1,435
123,132
271,296
128,476
339,430
17,416
177,368
56,78
322,463
234,350
14,81
19,196
98,489
299,479
151,315
137,417
478,481
178,189
128,368
21,242
274,422
260,487
81,256
31,435
72,436
232,425
366,425
378,479
70,134
56,199
176,301
262,304
234,471
129,189
368,471
5,382
165,371
280,358
5,153
225,422
25,68
137,309
390,489
238,361
109,476
150,248
122,149
259,420
405,474
56,320
116,371
317,361
28,258
281,438
162,487
96,133
294,377
146,250
354,428
5,274
385,495
197,215
21,484
117,192
213,425
287,374
199,490
70,376
144,325
20,30
171,428
157,264
336,495
69,151
349,434
32,498
321,372
192,487
159,310
412,490
305,364
384,428
117,313
7,441
26,454
122,162
447,484
226,485
405,487
138,372
83,436
171,320
138,143
358,375
64,157
275,377
41,210
118,393
200,203
35,395
291,321
2,218
136,218
103,270
29,92
106,275
221,262
78,213
331,393
229,382
55,229
8,154
352,452
104,387
112,211
291,442
2,339
208,444
6,229
207,219
59,92
41,452
201,441
8,275
173,342
178,457
11,280
145,280
291,334
34,449
413,445
200,337
145,401
272,442
263,393
122,417
307,399
240,409
45,399
191,224
22,415
108,226
22,186
61,114
99,406
140,178
131,358
395,404
202,238
293,356
325,345
108,347
173,476
66,350
214,248
131,479
332,469
115,471
230,458
189,420
100,348
193,310
232,238
3,415
267,461
38,409
146,171
184,463
32,69
101,428
202,251
141,241
339,485
12,127
158,181
3,307
102,249
88,122
19,251
371,410
285,370
390,423
54,474
288,412
114,488
329,413
366,480
70,418
218,316
20,72
116,305
28,192
327,488
234,297
79,423
426,467
63,415
202,493
150,303
136,139
260,434
347,359
378,426
130,361
116,426
97,147
83,249
102,262
396,480
74,429
234,418
93,442
456,494
63,307
123,321
71,131
255,477
274,490
232,493
97,268
9,421
148,499
113,249
32,324
44,149
403,496
81,445
315,383
34,370
213,372
92,311
157,440
231,389
143,276
41,265
421,486
27,101
99,206
159,257
2,273
351,427
117,260
414,483
180,316
254,265
4,319
345,383
97,281
4,90
303,386
289,451
55,284
5,463
261,389
321,440
305,432
164,456
131,279
425,497
98,102
282,448
326,491
400,440
78,389
55,176
182,217
113,383
187,332
319,451
145,335
76,235
122,351
92,445
312,448
205,322
64,346
344,400
22,120
94,225
214,290
30,469
66,163
346,446
365,459
2,407
277,346
84,217
73,287
59,389
441,454
12,48
485,497
36,405
96,456
3,228
94,346
75,104
154,397
355,387
258,454
98,236
15,467
194,469
106,356
73,408
312,461
12,169
77,298
108,402
127,415
27,477
200,405
198,295
79,115
211,234
235,362
12,61
3,470
77,419
22,483
311,357
80,424
286,300
189,367
137,177
21,231
95,180
45,359
177,249
259,288
311,478
223,365
47,368
80,316
281,306
286,421
368,460
179,295
387,473
165,360
343,403
257,363
150,237
348,481
255,290
62,124
463,468
67,239
172,255
466,473
125,180
204,473
281,427
234,352
19,427
79,478
46,301
101,496
375,476
306,376
180,237
139,199
75,480
4,11
102,317
248,371
308,422
19,319
51,500
266,425
285,438
137,311
132,196
90,199
150,250
403,430
81,379
7,201
172,268
199,371
70,486
218,384
204,486
166,194
364,438
171,309
424,489
61,437
281,440
129,312
148,325
275,366
294,379
178,433
123,497
357,435
398,436
123,268
269,322
62,258
241,489
375,489
53,438
48,94
180,250
56,443
6,97
190,443
28,381
69,382
96,256
132,438
113,196
233,261
145,148
117,315
326,425
405,489
138,145
36,97
55,110
294,392
173,331
458,500
291,323
310,336
296,438
134,376
15,159
328,390
106,277
414,430
92,379
229,384
36,218
196,207
330,436
435,452
173,223
159,325
200,326
217,266
62,392
277,280
263,382
235,283
166,449
284,441
143,465
251,264
3,162
127,457
22,175
421,446
25,446
228,280
200,447
203,452
277,401
222,465
43,234
230,326
235,404
106,290
78,457
152,406
353,396
12,103
91,396
224,282
27,411
214,237
24,342
263,395
147,412
4,400
386,465
45,172
124,465
86,173
91,288
36,352
58,111
237,342
77,124
168,242
80,129
52,296
33,54
186,296
165,173
15,414
271,340
82,175
381,471
207,355
174,178
339,474
77,474
416,465
116,173
195,466
121,288
33,175
368,394
313,458
272,457
450,463
114,248
174,299
86,186
17,352
39,74
108,470
130,229
369,474
295,296
33,296
148,246
93,310
253,299
98,425
151,251
137,353
32,71
271,353
290,366
155,407
119,484
81,192
58,245
102,251
14,138
373,485
183,361
169,426
21,299
241,302
260,315
405,410
350,474
162,423
322,412
88,245
294,313
299,428
244,492
13,71
35,318
403,485
255,358
296,359
100,484
315,372
53,372
158,425
278,490
364,493
281,495
50,74
9,73
456,496
148,380
239,498
247,359
373,498
266,372
338,477
472,477
475,482
62,84
34,251
70,433
138,308
157,321
308,490
382,439
215,262
206,442
206,213
197,393
71,254
296,372
254,375
199,439
400,429
419,442
215,383
74,444
201,485
248,331
27,103
206,334
333,375
393,426
24,34
194,445
254,496
254,267
1,50
166,383
133,206
245,447
23,334
331,450
224,324
212,270
303,388
201,377
113,493
247,493
13,326
30,458
222,399
48,283
37,390
105,265
243,458
50,329
69,342
251,319
418,496
163,206
33,96
217,442
351,442
189,343
15,227
142,268
174,220
243,350
110,235
108,391
316,340
319,345
52,230
112,281
19,53
43,410
10,233
189,235
1,413
101,122
78,404
207,289
17,394
36,407
163,219
223,233
57,466
277,469
5,10
175,458
249,407
142,281
49,53
54,168
73,181
205,337
191,402
149,405
168,418
88,166
244,413
288,456
106,479
109,225
59,404
81,126
293,305
64,482
17,407
292,346
144,182
89,246
75,348
3,243
190,298
176,400
162,236
341,467
253,354
5,23
436,475
109,117
147,372
188,410
334,464
31,426
26,82
70,354
199,239
311,480
144,303
259,290
253,475
60,80
211,478
301,408
86,254
58,421
3,485
218,373
278,424
364,427
116,362
121,477
28,249
239,432
46,303
299,483
165,254
95,424
136,196
359,470
245,368
190,432
102,319
470,486
253,488
60,93
159,301
178,314
123,378
296,306
34,306
172,270
359,362
92,247
245,260
377,379
41,201
13,368
354,432
118,384
51,394
118,155
197,448
136,438
461,494
172,391
221,253
372,422
336,499
146,375
13,489
247,427
233,492
44,327
66,86
305,368
217,255
103,153
428,438
194,271
78,325
298,328
316,382
71,322
439,489
217,376
57,158
120,443
15,161
309,379
180,494
37,445
312,384
416,441
182,274
22,285
75,148
187,389
173,454
44,340
425,446
103,395
318,320
122,408
409,438
175,271
106,400
6,462
128,159
50,276
91,277
44,461
15,403
10,59
376,382
73,344
18,179
152,408
191,336
265,285
210,349
110,411
55,475
61,226
374,457
286,344
98,293
170,398
119,352
26,124
265,406
22,419
283,460
209,282
52,298
253,288
10,301
271,342
290,355
362,460
35,65
59,459
274,347
141,232
58,234
311,414
75,403
198,473
19,242
98,306
82,298
1,373
119,365
246,406
191,470
427,481
213,229
72,253
177,306
61,360
148,248
79,414
46,237
13,60
54,357
128,306
35,78
53,132
58,476
39,197
9,62
368,409
146,296
178,248
357,479
30,84
183,363
390,427
128,427
197,261
155,301
81,315
293,494
139,256
433,474
70,422
116,309
23,81
74,312
160,315
220,366
51,328
178,369
90,256
40,435
2,143
153,312
53,374
70,314
23,202
281,497
74,433
148,382
275,423
93,446
160,207
19,497
46,371
252,439
35,441
250,366
90,148
169,441
81,328
226,423
6,154
363,428
308,492
382,441
220,379
127,151
132,266
32,328
250,487
425,488
62,436
2,156
81,449
208,490
34,374
29,30
208,261
199,441
400,431
111,328
460,482
18,100
97,393
105,254
418,485
437,498
36,154
160,449
182,208
8,321
41,269
338,492
35,454
112,149
164,339
203,267
411,445
62,328
153,446
309,434
185,398
6,167
97,285
124,159
91,211
215,277
22,111
247,495
407,447
173,280
214,281
85,167
263,439
101,111
221,442
106,455
50,331
108,272
113,387
300,442
217,444
24,49
29,393
103,342
210,404
17,275
237,278
209,445
283,394
167,219
365,463
186,232
84,450
258,337
57,347
304,453
59,393
64,471
298,409
182,463
75,337
80,415
374,404
267,278
74,112
131,417
258,458
376,450
142,283
95,171
307,350
155,222
193,477
100,286
31,415
191,404
292,456
149,178
228,471
295,461
121,345
11,473
107,181
148,182
346,463
98,361
10,248
104,112
54,291
31,307
3,474
77,423
292,348
22,487
223,477
383,466
237,412
42,173
47,251
19,189
114,426
334,466
172,367
31,428
144,305
218,254
149,420
33,474
74,246
211,480
26,434
12,307
141,192
42,415
162,480
60,203
5,267
192,359
63,474
197,208
329,364
296,416
213,418
218,496
144,318
171,421
264,383
262,310
303,311
132,200
211,493
159,303
44,87
71,190
68,444
403,434
296,308
62,141
53,321
194,260
39,386
218,388
345,429
92,249
4,136
129,316
55,101
118,157
136,211
356,443
315,442
92,141
226,370
451,488
110,158
201,313
160,275
8,147
25,316
13,262
30,394
85,101
194,273
18,276
4,378
166,211
152,276
284,432
27,281
173,335
66,209
85,222
145,273
90,337
2,453
136,453
84,263
29,327
263,265
249,330
212,448
31,107
110,171
77,223
22,287
187,391
140,279
66,101
310,461
98,282
203,335
208,450
268,464
147,174
205,381
105,443
224,394
105,214
64,176
17,101
96,394
77,115
126,236
184,443
258,392
98,174
29,340
161,459
161,230
40,169
119,462
193,411
45,284
119,233
12,107
91,400
223,290
228,405
140,292
167,395
304,400
26,126
70,169
297,397
176,336
47,185
33,287
126,249
167,287
15,418
51,75
353,413
12,120
70,290
135,419
121,292
33,408
181,306
24,359
225,349
244,362
271,465
123,301
238,288
21,290
26,139
53,242
158,295
232,244
223,424
42,349
89,195
369,478
23,70
88,236
382,417
146,177
132,242
123,193
232,365
125,239
185,253
56,139
195,483
368,411
160,196
294,425
137,478
7,368
53,255
361,371
245,425
14,263
294,317
65,494
354,368
192,306
104,422
486,487
338,360
16,309
357,373
57,81
136,145
356,377
199,430
419,433
116,432
317,422
437,487
234,424
201,476
219,264
90,150
263,307
213,486
194,207
273,500
405,427
138,312
28,440
243,328
363,430
187,433
127,153
316,318
30,220
62,438
81,451
15,97
400,433
111,330
419,446
96,436
55,398
160,451
55,169
75,84
242,261
13,438
352,392
35,456
117,266
48,395
152,452
367,377
205,315
105,148
289,457
112,272
131,285
84,210
43,172
235,342
6,290
224,449
485,490
251,323
77,170
149,275
355,380
121,213
85,290
52,113
112,164
244,283
230,385
249,398
1,296
367,390
119,288
105,390
224,341
86,111
210,406
3,342
163,331
344,406
314,463
88,157
200,398
186,463
167,221
277,352
235,355
147,471
320,399
224,462
380,450
58,170
402,468
360,471
38,457
74,114
57,470
267,280
5,14
51,130
235,476
133,465
389,391
334,455
91,468
177,471
158,229
163,344
89,358
314,476
341,350
107,183
225,404
46,173
104,114
54,293
128,242
348,474
307,473
95,294
260,361
81,130
70,237
278,415
42,175
176,404
28,240
102,189
313,409
46,294
165,245
10,371
137,412
211,361
271,412
49,299
269,302
67,353
213,407
72,202
378,474
42,296
162,361
93,261
5,377
146,353
65,428
371,471
51,264
44,76
178,305
183,420
169,256
86,487
153,248
447,466
466,479
70,479
144,428
166,187
364,431
171,302
185,200
176,417
19,433
234,358
146,474
60,434
146,245
5,498
299,487
27,28
25,184
238,477
269,315
40,492
2,200
67,366
213,420
328,370
56,436
171,423
50,133
248,377
234,479
132,202
44,318
25,76
159,305
211,495
252,267
62,372
136,321
84,131
81,385
103,144
342,426
447,479
254,313
20,146
105,190
215,321
146,487
261,437
8,28
159,197
71,313
379,429
76,391
282,496
356,445
249,319
180,485
414,423
56,449
391,439
284,313
96,262
44,331
409,429
367,432
18,49
45,152
124,445
105,203
191,206
91,268
96,383
55,345
209,260
421,439
291,329
277,394
103,278
48,342
189,281
142,206
215,455
163,265
22,289
228,394
302,343
200,332
112,448
272,437
291,450
203,337
221,391
367,445
298,345
58,104
168,464
42,96
168,235
85,466
286,456
52,289
38,391
112,340
79,163
318,445
184,216
147,297
353,402
77,238
355,448
140,294
267,335
126,359
131,474
184,337
46,107
230,453
249,466
68,125
174,292
64,420
339,359
325,461
380,397
3,410
177,297
130,222
402,415
322,392
102,123
214,364
65,241
142,461
274,351
26,249
135,192
46,349
373,478
21,292
188,469
58,359
89,426
148,252
146,408
65,483
385,424
123,424
183,475
35,311
16,69
2,134
26,262
278,483
56,370
317,411
14,373
239,491
371,418
271,480
238,303
95,483
255,472
329,421
370,422
7,370
81,319
21,305
48,142
53,486
39,322
452,491
326,352
5,445
41,139
206,435
30,209
71,247
356,379
120,139
218,445
111,319
226,306
231,384
50,309
41,260
201,249
159,481
398,497
305,306
150,432
117,255
24,27
76,217
115,145
20,322
180,311
221,312
326,365
6,158
248,445
242,371
321,435
118,335
365,441
309,317
4,435
358,438
377,451
110,336
270,325
31,43
25,265
159,494
142,261
152,454
163,320
25,386
258,328
84,212
337,392
122,467
170,215
43,174
106,459
422,436
441,449
12,43
311,339
99,456
11,343
277,462
15,462
1,298
202,288
207,403
152,467
114,175
191,395
325,395
91,228
61,285
140,349
52,465
126,414
85,413
19,59
299,342
271,280
147,244
59,397
100,169
17,400
3,465
204,226
402,470
176,393
46,54
115,413
274,406
91,470
176,285
88,401
322,339
52,478
253,468
19,301
93,250
387,468
46,175
5,137
65,188
35,245
21,347
147,486
45,475
26,196
3,478
89,481
144,188
83,178
322,460
162,242
382,474
294,361
5,258
373,425
137,414
159,173
101,491
197,428
285,312
68,314
21,468
183,301
114,430
95,188
139,194
171,412
88,414
28,134
308,417
201,291
60,315
113,178
25,65
412,474
44,78
178,307
109,473
40,373
241,363
134,237
122,146
53,312
180,353
70,481
245,482
28,255
69,256
5,500
146,247
32,374
123,492
357,430
477,495
172,384
287,371
92,361
199,258
245,374
190,438
138,248
157,261
129,428
294,495
46,430
5,392
206,382
252,498
145,372
164,385
131,208
43,95
134,250
34,312
287,492
87,138
166,431
6,213
83,433
298,321
317,371
124,205
187,261
16,379
442,487
122,280
414,425
73,95
97,452
138,261
224,264
413,429
69,390
36,213
99,498
173,447
393,487
85,334
214,219
11,156
365,388
217,261
24,95
48,452
268,455
6,226
386,447
97,344
243,398
143,460
191,208
94,275
200,442
200,213
117,444
82,157
101,170
1,232
45,275
17,442
17,213
168,345
33,157
112,450
409,444
87,393
147,407
128,165
147,178
367,447
191,450
31,232
127,465
77,119
402,404
33,278
162,163
126,240
184,447
65,230
15,409
216,399
1,245
188,337
95,109
191,342
91,404
158,165
3,291
256,471
314,412
28,55
52,412
189,417
51,187
288,396
188,458
171,225
42,111
107,469
327,472
198,358
165,181
63,399
137,348
51,79
343,453
301,456
172,305
125,230
70,294
264,308
281,477
102,246
33,412
60,249
46,351
104,292
114,485
329,410
95,243
155,294
241,297
72,488
232,477
306,426
452,480
204,415
364,367
231,252
382,421
148,254
60,370
113,233
252,311
68,490
257,426
35,313
218,434
460,462
56,372
157,195
143,260
74,426
192,418
51,442
71,128
238,305
370,424
70,428
240,314
143,152
96,306
55,268
146,423
467,478
44,146
145,198
444,494
134,305
208,254
120,141
106,206
6,39
97,386
152,322
138,195
74,439
96,198
349,378
127,265
242,252
275,429
333,370
25,254
393,421
71,370
38,193
250,372
71,141
34,488
309,427
4,316
23,329
45,88
83,380
270,435
113,488
15,330
194,332
106,219
251,314
256,392
182,214
118,458
121,204
30,345
57,448
392,438
411,451
230,376
455,494
18,227
64,343
45,101
237,271
242,386
388,440
142,155
18,348
188,271
174,336
485,494
177,341
182,456
89,228
184,273
98,233
63,212
15,464
1,300
128,341
73,405
54,163
307,343
155,215
366,398
108,399
116,223
181,352
299,344
244,408
51,242
101,359
290,295
288,451
348,465
172,239
232,290
58,174
295,346
61,179
396,398
74,118
258,464
101,480
235,480
183,290
35,126
81,242
193,483
53,180
91,472
58,295
37,172
264,363
369,416
314,480
102,301
74,239
146,344
299,357
170,472
109,462
202,424
147,488
348,478
361,417
34,59
125,177
121,472
93,373
79,475
280,465
151,314
137,416
32,134
159,175
417,470
150,355
255,408
114,432
158,475
72,435
89,375
226,350
23,250
229,355
368,470
220,306
165,370
321,358
44,309
192,244
371,475
384,414
136,312
141,427
48,199
447,470
194,253
53,314
20,137
92,242
37,306
317,360
50,245
30,266
257,494
477,497
461,489
268,323
139,438
328,374
18,148
133,135
372,417
9,365
242,307
261,320
217,250
81,389
43,97
153,494
227,443
120,317
39,392
326,422
111,497
166,204
345,435
303,438
196,312
201,427
187,492
8,261
178,443
200,202
324,497
57,382
103,269
180,489
340,441
152,390
18,161
312,379
152,161
210,331
196,204
275,497
22,51
57,274
310,454
134,494
122,403
235,280
284,438
210,223
22,172
61,100
99,392
76,408
79,154
332,334
290,337
128,275
73,339
246,267
36,457
237,447
297,498
94,169
52,172
38,274
131,465
323,406
290,458
68,116
59,333
367,449
427,463
193,296
31,234
158,275
182,403
89,175
302,468
420,460
24,460
98,409
79,167
123,173
276,452
188,339
100,226
237,460
209,398
126,363
179,455
220,227
79,288
332,468
238,281
257,294
348,412
265,414
3,414
77,363
218,302
223,417
195,355
65,474
13,55
156,363
68,479
49,237
123,186
202,479
35,73
287,294
53,127
39,192
144,245
457,476
195,476
102,248
47,312
396,466
69,71
248,302
308,353
74,186
179,468
239,482
271,471
30,79
68,371
35,194
62,297
81,310
67,412
72,261
264,431
157,305
181,433
225,476
25,122
137,363
151,261
445,479
30,200
16,302
90,251
384,469
2,138
169,315
48,254
122,203
199,423
419,426
78,133
14,377
129,364
248,315
36,136
19,492
349,367
289,316
60,264
160,202
266,369
197,498
16,194
76,208
342,364
120,251
414,469
39,326
70,430
64,90
229,423
349,488
13,310
118,326
444,496
120,372
20,434
361,498
254,372
326,477
106,208
312,313
212,375
97,388
55,162
220,495
219,499
131,386
291,375
43,273
222,275
115,149
323,327
87,316
194,213
106,329
240,329
133,203
78,267
152,216
193,217
388,429
145,442
167,201
217,318
18,108
399,443
91,98
182,445
242,496
316,445
209,319
94,103
214,397
200,499
217,439
189,340
133,216
100,268
12,155
17,270
3,106
242,388
300,329
145,455
52,227
277,345
230,270
189,232
161,399
188,273
18,350
77,176
168,294
107,284
65,287
376,445
395,458
54,165
3,348
130,389
204,338
61,289
429,456
368,446
93,241
299,346
49,171
334,340
260,354
320,405
53,61
424,462
56,66
116,346
336,349
313,402
32,123
63,227
417,459
16,115
190,416
88,405
281,305
181,367
5,141
266,411
104,120
343,402
463,467
172,254
58,418
273,306
264,486
42,410
102,424
143,196
179,415
165,480
63,469
44,190
185,314
47,380
143,317
234,472
308,421
454,475
46,421
25,69
233,247
252,260
250,416
2,314
136,314
241,367
282,368
125,421
326,411
226,473
405,475
138,360
129,311
41,198
165,493
294,378
132,316
44,432
247,303
178,432
71,77
250,308
241,488
29,309
139,440
328,376
37,429
6,96
133,137
391,432
50,368
215,435
16,491
71,198
150,491
131,212
282,381
328,497
92,257
133,258
6,217
243,389
143,451
215,327
168,215
154,317
173,330
305,486
186,269
24,207
203,209
230,312
78,443
73,99
138,494
124,330
36,217
22,282
476,489
94,158
48,456
10,164
323,395
106,397
188,207
251,492
177,277
77,339
196,327
297,379
154,330
228,279
43,462
423,454
142,212
340,456
293,344
31,344
47,59
112,454
5,62
170,395
258,279
1,357
161,346
100,336
301,326
26,121
210,467
116,280
42,102
80,357
61,115
322,385
88,218
38,397
244,465
65,234
404,454
63,161
123,175
109,277
290,352
128,290
320,460
17,459
116,172
61,236
9,46
281,468
162,288
415,468
179,457
167,403
225,344
285,358
49,347
329,401
26,363
12,465
26,134
452,471
204,406
61,357
176,344
190,242
239,363
151,250
114,368
100,470
315,358
53,358
172,309
58,473
53,129
364,479
61,478
33,416
368,406
239,484
46,355
60,253
32,191
44,245
109,411
16,183
169,425
81,312
287,417
53,250
139,253
199,304
226,407
42,357
28,422
9,180
162,422
148,487
385,430
252,315
197,379
71,240
111,312
56,376
14,379
248,317
187,307
99,194
393,412
252,436
352,374
351,415
48,377
29,135
134,188
172,443
120,253
139,266
180,304
474,485
37,484
312,423
4,307
231,498
212,256
28,435
138,307
148,500
27,439
242,364
127,148
247,479
8,197
44,379
118,328
145,202
131,267
136,382
227,500
122,218
194,323
166,490
166,261
133,313
37,376
83,492
377,444
418,482
289,331
275,433
75,79
187,320
27,331
13,433
99,436
319,439
52,95
291,377
29,377
122,339
304,316
328,444
1,49
4,320
291,498
217,320
258,321
122,460
249,272
216,324
276,375
224,444
298,393
300,439
434,439
33,95
170,329
323,342
18,460
26,55
12,157
210,401
397,493
388,444
355,496
489,496
300,331
346,447
79,332
93,230
299,335
82,337
142,388
221,452
205,444
141,163
485,498
3,458
22,471
42,157
121,450
33,108
79,224
46,47
156,407
51,125
290,407
376,447
183,281
21,219
188,396
40,232
100,283
265,350
204,340
149,404
262,281
253,461
74,230
132,171
86,469
26,189
158,345
89,474
56,297
130,283
171,284
223,474
135,361
47,248
354,405
5,251
63,458
211,356
183,294
315,413
389,399
53,184
70,353
144,302
366,415
89,366
204,353
171,405
308,410
74,243
160,246
41,66
27,131
68,428
169,251
227,421
226,233
42,412
13,354
354,418
241,477
29,69
287,364
116,482
111,138
410,434
248,372
148,434
60,321
431,493
90,200
62,367
122,152
180,359
59,69
284,416
231,324
229,251
60,442
113,305
13,367
187,254
319,373
35,385
282,491
29,82
249,314
53,439
139,442
243,499
358,486
3,29
127,324
113,426
27,386
140,263
11,378
434,481
305,367
428,437
161,322
194,270
64,389
17,85
58,86
77,99
108,203
25,434
57,386
2,450
258,376
24,209
318,427
115,327
15,389
54,88
18,394
207,330
59,203
256,451
11,391
434,494
33,150
38,265
291,445
184,319
29,445
115,219
216,271
1,346
21,32
40,45
163,381
127,458
256,343
130,204
302,459
107,220
24,451
184,440
79,158
244,454
10,287
189,289
235,405
207,343
380,500
77,233
416,453
272,445
186,405
304,397
390,400
202,349
147,413
293,467
21,45
119,351
89,179
65,236
35,64
81,180
246,284
53,118
158,171
72,131
278,465
77,475
195,467
102,239
47,303
93,419
253,408
201,218
151,360
68,362
73,477
255,454
141,352
148,247
46,465
146,174
403,473
76,78
125,236
56,365
138,175
83,239
148,368
8,65
211,424
393,401
338,465
123,311
71,121
164,312
117,237
53,481
92,180
56,257
23,80
28,424
64,81
129,247
46,478
44,368
173,253
49,483
136,371
76,91
356,374
15,81
326,468
185,492
359,416
180,185
6,261
226,301
127,258
27,320
44,489
192,424
200,248
30,96
291,366
95,491
38,186
48,379
134,419
282,317
254,484
273,497
1,38
226,422
312,425
372,476
143,387
50,196
330,479
13,314
44,381
30,217
71,255
7,499
222,387
106,441
289,333
242,487
13,435
25,489
112,377
117,492
277,444
29,379
115,153
15,215
78,500
372,489
344,390
214,280
112,269
43,398
263,438
409,492
128,213
73,277
441,444
31,280
256,398
402,452
80,172
214,401
107,275
319,454
272,379
332,393
43,290
51,114
207,398
205,325
191,390
177,226
108,392
149,164
80,293
267,385
79,334
24,398
43,411
211,224
323,465
81,114
246,447
339,409
182,462
355,390
181,237
126,301
79,455
313,393
170,344
32,114
40,463
155,450
394,466
287,340
177,468
14,181
179,285
170,465
58,409
405,453
116,350
56,70
281,417
88,288
93,366
253,355
373,420
151,307
104,232
197,423
35,361
117,171
21,234
394,479
287,353
53,186
39,251
378,471
218,482
56,420
226,343
245,356
295,473
28,358
102,307
247,402
25,60
104,353
178,302
285,428
118,251
95,304
7,191
227,423
153,245
53,307
180,348
254,297
70,476
89,489
83,415
28,479
83,186
363,469
19,430
148,315
51,382
123,487
90,310
439,464
103,249
39,493
359,471
166,305
451,474
50,130
330,413
27,375
454,479
206,377
173,200
30,380
164,380
169,495
370,485
29,192
34,307
120,310
328,488
59,71
212,313
50,251
124,200
173,321
118,385
233,372
30,272
2,439
62,490
122,275
161,203
23,498
157,498
124,321
243,272
14,449
196,197
113,428
22,44
261,326
27,388
302,327
393,482
434,483
411,499
29,205
87,146
326,428
73,211
17,316
358,380
36,329
237,319
108,434
297,370
168,219
173,334
11,272
117,439
222,455
170,265
263,493
175,380
235,394
128,268
73,332
210,337
223,276
209,378
300,496
52,394
38,496
112,445
272,434
52,165
71,444
170,386
115,450
189,399
82,273
409,439
109,147
147,173
193,289
251,496
107,222
52,286
420,453
332,340
271,330
114,346
147,294
119,461
193,410
126,356
79,281
406,410
156,464
68,351
288,391
95,225
348,405
389,443
31,469
320,343
158,281
130,219
283,461
42,106
9,158
83,107
179,340
280,392
156,356
104,166
202,472
183,230
315,349
359,392
144,238
281,472
354,462
165,297
128,415
255,456
150,174
95,238
141,354
12,469
172,421
180,282
89,423
248,416
322,402
225,469
25,115
445,472
137,356
123,421
44,128
39,427
58,477
28,305
102,254
437,473
74,421
289,309
41,244
440,478
247,349
32,424
27,80
16,416
250,354
62,303
134,408
433,475
226,411
171,475
190,488
143,147
215,252
187,419
206,432
44,370
233,306
180,416
6,263
111,316
364,496
23,432
50,77
215,373
160,437
13,424
44,262
150,429
76,214
208,370
153,434
53,496
139,499
106,322
1,40
152,209
229,429
36,263
435,497
8,201
44,383
30,448
167,194
250,488
76,335
103,209
82,86
268,276
6,276
59,368
124,497
91,320
182,438
41,499
163,196
182,209
127,273
159,491
200,492
319,443
30,340
15,217
268,397
188,374
45,96
50,440
237,266
94,446
168,395
135,218
85,397
33,207
43,400
98,107
10,223
276,379
235,341
100,153
380,436
94,338
126,290
313,382
175,448
290,398
142,271
202,285
334,441
26,59
191,392
130,382
33,220
327,401
368,439
189,467
137,277
101,354
257,342
362,395
147,470
169,229
21,102
12,282
339,411
204,452
383,454
80,416
355,392
234,331
179,395
258,459
10,357
49,56
73,413
329,339
40,236
12,403
232,406
89,357
93,476
253,465
74,234
165,352
60,70
44,62
431,471
104,113
348,473
241,347
122,130
70,465
218,363
111,237
61,416
28,239
47,252
341,470
14,75
148,304
146,460
299,473
132,296
63,462
51,371
123,476
169,363
213,406
328,356
273,420
139,191
470,476
162,360
132,188
236,245
342,412
120,299
53,309
185,428
138,353
264,492
64,138
14,317
159,183
238,476
398,428
95,427
62,250
359,473
226,358
4,245
212,423
124,310
248,376
349,428
247,417
118,495
99,253
71,191
236,487
263,361
222,323
103,143
29,194
120,312
221,364
166,428
1,95
312,482
331,495
18,35
4,137
446,482
17,76
27,498
173,323
44,438
324,492
145,261
16,376
112,313
57,377
175,369
59,194
97,449
119,208
205,248
105,310
289,390
316,493
476,482
22,46
127,328
121,254
214,216
203,323
175,261
386,444
427,445
64,393
243,395
77,103
168,221
388,490
140,388
404,434
115,331
483,498
290,332
152,398
205,490
31,108
416,444
154,444
61,216
314,396
300,498
66,331
47,52
38,498
332,450
258,272
87,390
73,455
427,458
339,345
168,463
28,160
102,109
179,329
5,176
225,445
170,280
271,332
202,461
276,447
174,399
119,463
279,452
86,286
191,339
91,401
116,165
167,396
179,221
313,450
165,286
371,391
12,458
246,396
223,412
28,173
267,455
129,225
327,469
41,112
32,63
169,297
172,302
158,404
177,417
56,356
42,458
89,304
80,484
229,284
162,294
415,474
248,297
65,361
247,338
206,300
338,456
156,479
54,468
7,356
12,471
141,356
56,477
245,413
97,249
350,466
28,415
410,480
127,128
239,369
13,292
113,230
285,485
238,410
16,297
35,310
444,478
81,426
141,477
103,185
160,197
421,467
294,426
32,426
178,480
11,74
57,190
351,408
7,369
81,318
328,424
171,477
372,467
229,418
60,380
250,477
324,426
164,437
122,211
120,367
1,150
340,370
106,203
78,141
316,427
71,367
145,316
131,152
351,421
328,437
92,426
331,442
224,316
45,85
289,445
113,485
108,141
228,435
85,386
219,386
131,273
323,443
367,486
4,434
78,383
64,448
119,155
91,93
311,325
443,481
168,276
355,368
85,278
186,330
217,434
1,284
293,392
45,327
119,276
67,86
388,437
355,489
186,451
198,276
170,443
87,445
106,458
367,499
174,333
100,155
141,156
292,325
163,440
22,464
130,263
89,225
42,150
33,101
112,394
235,464
54,160
26,61
397,499
278,282
223,346
61,284
162,336
195,284
371,446
101,356
202,408
54,281
169,231
155,333
301,387
320,400
53,56
218,352
262,395
468,500
19,408
46,282
63,451
151,298
118,121
169,352
334,456
26,303
366,408
56,182
295,464
83,285
410,414
33,464
160,239
387,467
46,403
10,480
151,419
266,406
192,228
104,115
90,180
86,475
172,478
158,351
245,468
116,354
336,357
55,78
211,362
49,300
53,419
120,180
125,295
218,486
6,78
317,465
97,196
14,198
113,177
99,242
252,484
49,421
250,411
90,193
134,465
153,478
20,363
405,470
69,255
8,245
41,193
250,303
122,266
39,497
419,489
56,437
312,363
14,440
55,441
36,199
55,212
41,314
182,253
22,35
127,317
352,435
71,193
291,425
57,258
268,441
15,32
1,97
73,202
6,212
191,194
270,487
36,320
91,256
41,435
118,389
11,263
236,381
170,256
115,320
100,197
224,492
64,274
31,97
17,199
435,446
27,392
80,218
214,218
217,489
291,438
84,374
175,492
409,430
323,390
276,315
1,110
265,385
3,385
283,439
80,339
200,441
66,212
52,277
253,267
156,334
54,323
21,146
293,339
100,210
45,274
72,111
292,380
163,266
195,447
176,205
225,326
142,328
128,393
288,382
54,215
95,216
100,331
26,116
380,385
77,347
204,388
149,223
61,339
135,288
360,406
234,267
79,393
43,470
404,449
10,293
216,398
123,170
362,452
381,465
70,280
311,406
89,293
204,280
144,229
438,447
176,447
295,398
396,450
267,336
19,234
5,299
13,160
137,226
348,409
86,409
287,399
23,60
176,339
88,455
146,396
220,345
5,191
104,170
164,184
255,339
141,466
359,396
125,229
438,460
37,116
116,409
231,359
129,348
19,476
179,465
338,458
296,461
273,477
37,237
88,468
363,407
308,471
382,420
338,350
183,476
403,479
136,364
141,479
208,240
106,192
78,130
212,359
69,310
129,361
36,133
270,300
289,313
182,187
201,466
239,492
187,302
113,353
99,189
338,471
412,420
164,318
7,371
48,372
208,361
227,374
180,299
133,187
78,251
391,482
215,485
36,254
55,267
132,487
113,245
407,426
352,490
365,429
269,492
103,429
29,251
175,305
185,498
207,257
119,144
69,323
36,375
182,200
261,493
113,366
168,265
333,369
121,190
159,482
85,267
186,319
217,423
117,485
318,475
392,424
323,324
212,493
224,318
196,485
177,206
89,93
2,390
43,391
337,380
175,318
249,267
399,440
36,388
8,326
154,380
167,319
112,383
79,206
404,491
170,324
84,321
54,149
293,394
100,265
119,278
237,270
70,93
75,208
61,273
28,96
88,147
126,402
225,381
288,437
246,440
399,453
91,337
163,442
75,329
204,214
267,499
19,168
288,329
155,214
91,458
70,106
264,349
33,453
148,174
165,343
65,405
137,281
183,397
274,286
86,464
306,467
273,290
125,163
336,346
181,472
19,410
179,399
13,107
101,479
197,416
257,467
417,456
7,292
394,472
34,166
227,295
116,464
56,184
83,287
50,110
93,480
74,238
327,418
368,456
160,241
109,461
90,182
95,297
81,362
7,184
122,134
204,469
19,423
206,478
151,313
51,375
439,457
95,418
2,190
39,486
328,360
240,247
245,362
391,416
36,188
294,483
8,126
187,357
51,496
30,144
84,121
122,376
153,480
81,375
122,147
172,493
120,303
125,418
78,306
242,414
22,145
44,429
99,136
233,365
57,368
236,370
263,473
282,486
442,475
180,475
92,362
23,491
78,198
157,491
231,440
69,378
110,379
270,368
330,419
22,37
187,370
11,144
346,363
236,491
29,427
43,96
409,419
15,263
120,316
161,317
1,99
6,443
111,496
18,268
23,383
110,271
55,335
22,158
94,263
167,253
272,306
217,370
24,204
318,422
203,206
4,491
138,491
205,252
64,276
12,86
298,443
311,382
283,320
154,435
272,427
258,492
24,96
115,443
304,379
249,443
409,432
268,456
288,371
224,386
86,156
163,376
22,400
302,454
140,392
300,381
167,266
313,320
63,145
142,438
100,441
193,403
320,444
279,443
12,328
17,443
77,457
397,435
383,500
42,207
121,500
195,449
9,30
126,349
137,215
304,392
54,446
183,331
95,218
293,462
174,282
86,398
26,118
12,220
42,328
162,393
244,462
172,293
34,100
53,113
70,282
88,336
225,341
30,65
90,116
293,475
7,118
48,119
260,298
232,465
144,352
171,226
5,422
41,116
60,129
225,462
25,108
104,401
445,465
197,363
238,401
164,186
125,460
231,361
262,465
336,414
74,414
220,468
104,293
123,306
164,307
90,129
35,193
296,463
122,310
134,172
287,414
180,288
199,301
37,239
303,358
124,127
14,255
382,422
41,358
46,473
113,234
151,489
352,479
90,479
43,138
153,306
139,371
20,191
144,486
56,373
231,374
14,376
270,302
294,430
333,358
99,191
30,320
398,487
38,181
35,435
90,371
131,143
351,412
164,320
76,436
411,426
222,261
282,312
194,428
120,250
1,33
37,481
240,315
212,482
331,433
193,203
83,368
17,243
124,140
215,487
349,487
242,361
127,145
302,375
71,479
90,492
291,482
208,484
276,359
340,374
400,425
18,94
124,261
91,313
182,202
242,253
27,328
173,382
219,498
186,321
217,425
112,143
84,310
15,439
1,46
205,307
45,89
36,498
251,423
8,436
89,95
283,375
374,493
300,315
186,442
318,369
175,320
174,324
17,377
237,380
108,495
316,444
195,383
33,321
162,206
200,498
277,452
244,275
334,434
265,334
210,398
366,386
3,334
8,449
369,391
61,275
186,455
19,49
198,280
390,450
257,335
202,399
147,463
246,442
204,445
47,232
52,347
360,463
46,273
225,275
266,276
101,468
51,122
68,291
183,278
169,343
21,216
47,353
126,417
74,227
148,176
5,356
220,281
280,332
60,63
371,450
51,243
137,283
431,464
384,389
147,476
150,222
67,453
26,415
171,281
47,474
341,463
129,284
19,412
55,69
299,466
155,458
7,294
12,409
20,233
138,225
391,405
28,353
308,407
253,471
41,292
247,397
266,410
51,485
159,284
49,412
178,297
269,415
76,249
67,466
134,227
34,289
361,418
199,356
185,192
171,294
405,461
226,230
102,423
14,310
239,428
321,467
118,367
7,307
48,308
208,297
29,66
328,362
166,300
111,364
185,313
97,429
317,469
50,354
14,431
160,485
55,203
453,478
219,311
57,249
217,238
103,136
106,370
1,88
240,370
23,372
45,131
124,424
284,413
303,426
160,377
209,239
206,493
104,482
11,254
30,267
117,421
84,244
298,432
69,380
110,381
96,483
270,370
110,152
416,424
77,204
377,496
75,131
27,383
242,308
99,488
25,310
66,311
140,260
186,376
84,365
249,432
207,435
386,437
45,144
210,211
22,389
3,147
182,378
108,200
107,204
219,445
38,370
140,152
360,384
277,386
222,450
84,257
15,386
249,324
221,491
78,442
279,432
58,204
135,158
214,451
11,388
112,440
131,453
198,214
156,217
101,281
376,486
367,437
77,338
182,391
168,456
94,278
135,279
176,317
281,333
276,440
288,494
128,276
353,394
191,332
77,459
195,451
102,223
214,464
308,328
253,392
115,458
68,117
86,400
31,464
158,276
278,341
80,356
121,394
102,115
65,462
165,171
51,298
95,341
301,446
245,285
56,120
74,174
49,346
241,287
48,121
6,124
89,418
111,177
28,179
363,398
294,298
49,467
68,480
269,470
35,303
62,177
227,473
172,308
39,422
254,347
18,70
185,247
9,287
124,237
127,242
44,244
159,231
398,476
169,424
48,363
208,352
222,250
34,465
53,478
139,481
72,491
37,470
199,303
6,137
185,368
111,419
92,177
64,78
124,129
69,193
110,194
275,298
118,314
85,137
117,355
62,419
337,358
134,295
175,296
199,424
240,425
92,298
460,465
243,430
124,250
25,244
66,245
11,309
30,322
131,145
296,478
76,209
263,301
122,325
226,419
133,191
212,484
231,497
64,91
99,314
85,379
18,325
6,271
40,84
386,492
97,389
193,326
279,366
191,253
12,22
270,317
443,474
302,498
66,258
11,322
85,271
112,374
52,94
38,196
98,210
203,263
103,325
235,444
1,277
101,215
188,369
18,446
119,269
64,333
265,323
311,439
135,213
80,277
200,379
198,269
332,498
19,38
24,153
244,385
249,500
422,428
147,223
367,492
205,430
36,392
223,447
89,218
88,259
38,438
253,326
258,441
404,495
115,392
95,154
86,334
67,92
191,387
292,439
177,223
89,110
75,212
135,226
19,51
49,159
288,441
389,493
155,326
7,162
119,403
265,457
339,406
158,331
58,393
125,154
190,283
281,401
14,57
373,404
266,278
211,342
156,406
104,216
123,229
95,396
67,334
375,450
213,388
262,280
308,396
165,347
192,450
390,465
128,465
384,391
95,288
40,352
7,404
81,353
67,226
172,242
278,409
264,474
116,347
190,296
231,297
160,353
96,109
41,173
113,278
385,471
241,463
208,286
120,173
199,466
70,352
111,353
111,124
308,409
187,348
32,474
44,299
76,251
62,353
2,73
287,471
226,232
102,425
8,9
99,356
439,461
291,297
81,487
76,143
120,415
139,428
20,248
221,238
97,202
143,318
129,420
22,28
27,372
333,415
370,482
29,418
122,380
323,370
20,369
59,297
430,469
344,429
261,431
118,382
30,498
186,257
236,374
24,195
120,428
20,490
194,377
249,313
152,380
353,370
12,77
196,423
55,447
297,475
22,270
8,372
80,211
25,312
319,493
112,429
52,149
291,431
115,205
1,332
106,385
1,103
307,375
6,447
367,426
353,491
207,208
163,367
8,493
256,329
168,216
61,90
145,498
63,136
82,149
1,453
422,483
441,496
45,267
297,488
209,375
181,276
52,391
332,445
170,383
51,166
175,498
100,324
427,453
191,442
339,340
61,103
107,448
107,219
179,324
98,399
225,440
142,442
255,319
320,448
58,448
72,117
144,222
37,96
223,286
176,211
14,112
93,405
267,329
368,381
327,343
266,333
32,166
285,346
274,453
153,163
39,61
89,407
149,458
47,181
88,219
148,233
239,351
257,405
35,292
62,166
172,297
39,182
364,467
61,466
176,453
102,238
229,279
234,394
93,418
201,217
51,421
338,451
12,466
48,123
153,176
144,356
56,472
345,346
308,464
41,120
385,418
192,289
44,125
238,405
269,472
57,64
444,473
236,295
122,193
39,195
78,123
97,136
275,408
187,295
247,346
25,233
233,411
151,372
71,349
71,120
48,365
29,123
282,303
6,139
245,421
36,247
110,196
330,465
289,427
96,298
196,236
99,303
217,295
57,77
136,370
81,434
444,486
103,193
115,247
342,475
222,373
277,309
240,427
345,480
78,365
210,255
270,306
242,244
233,424
200,247
219,260
2,491
43,263
263,303
222,265
48,378
194,432
142,242
161,255
69,437
31,145
91,196
237,250
435,494
283,366
173,494
30,445
52,204
170,196
208,488
409,478
1,387
82,83
73,263
193,328
100,137
124,494
358,432
110,330
108,486
163,422
127,499
374,376
11,324
93,97
1,279
87,319
114,156
105,373
416,494
85,394
179,258
167,204
84,435
5,105
170,438
304,438
101,338
381,392
147,225
141,151
325,497
443,489
47,223
244,279
63,204
15,456
18,461
292,441
70,328
58,274
204,328
168,405
350,382
176,266
308,385
165,336
285,401
137,274
63,325
271,274
257,339
100,392
260,344
246,446
273,283
292,333
135,349
336,339
93,352
5,239
197,409
51,126
150,334
169,347
155,449
6,60
220,285
151,414
412,455
123,352
183,403
62,113
287,460
63,459
252,358
197,422
375,465
9,344
69,358
321,350
173,186
118,250
412,468
16,468
35,481
2,75
84,114
34,293
20,358
125,411
199,360
240,361
92,234
1,79
97,312
298,302
160,368
220,419
233,358
38,119
458,476
310,312
29,70
199,481
152,369
23,484
358,474
96,474
330,412
349,425
3,17
242,299
113,414
173,199
252,492
434,469
145,366
305,355
11,137
103,369
106,374
92,476
312,479
78,312
193,262
108,420
182,369
127,433
27,495
261,433
206,497
140,372
30,500
305,476
112,310
131,323
79,133
318,415
290,316
106,495
106,266
207,318
100,192
193,383
105,307
270,374
3,259
256,439
215,438
297,477
27,387
272,420
291,433
79,254
24,89
170,372
10,154
115,207
109,133
92,489
307,377
59,312
312,492
270,495
36,328
3,380
182,382
490,498
168,447
209,485
126,450
19,95
98,388
24,210
82,151
1,455
4,497
31,334
36,449
223,275
135,162
47,278
162,265
93,165
258,498
10,396
170,385
244,334
271,437
290,450
147,401
301,316
67,149
339,342
3,393
77,342
223,396
121,385
162,386
281,337
74,273
148,222
179,326
253,275
146,149
371,496
10,288
109,267
288,498
95,332
155,383
301,437
172,286
39,171
237,452
37,98
75,390
264,289
336,394
322,496
248,281
19,458
327,345
5,294
156,463
54,452
128,401
90,109
26,353
141,340
260,291
347,445
125,332
262,337
102,119
267,452
148,464
60,351
385,407
63,393
49,458
296,335
114,358
20,171
317,394
234,396
192,399
266,348
13,168
338,453
238,286
255,455
315,469
213,458
34,227
433,461
37,232
190,474
9,170
231,246
303,351
69,184
275,289
247,456
151,482
35,307
21,409
217,284
2,130
62,181
134,286
144,479
111,302
364,482
97,367
185,251
97,138
102,482
303,472
229,294
60,485
233,413
44,248
338,466
379,467
411,419
194,421
15,190
268,370
273,485
221,295
474,475
59,233
97,488
41,364
132,482
2,372
136,372
282,426
175,300
20,426
235,314
340,367
18,316
242,475
108,246
316,424
27,321
154,362
25,477
113,361
272,354
112,136
136,493
392,419
10,88
48,380
115,141
175,421
1,268
87,308
92,423
133,424
18,208
312,426
193,209
270,429
177,201
163,303
65,145
409,480
147,214
207,265
40,88
86,204
265,435
110,332
77,384
163,195
25,490
200,491
319,442
181,212
126,276
186,327
131,391
332,381
249,383
376,424
155,196
100,260
334,427
152,450
293,389
265,327
210,391
366,379
163,316
8,442
89,101
28,91
179,260
198,273
5,107
258,324
189,453
101,340
128,214
12,268
172,220
341,443
162,212
46,266
63,206
51,115
216,448
376,437
26,287
232,392
204,330
162,333
14,169
32,223
63,327
147,469
155,330
287,449
34,40
72,295
58,397
39,118
74,341
382,457
253,343
239,408
354,395
32,115
44,169
257,462
164,234
21,451
260,467
227,290
394,467
232,405
226,331
171,395
245,344
56,179
218,241
88,397
262,284
95,292
29,167
134,220
342,398
48,180
144,413
185,414
9,454
83,403
424,467
303,406
146,459
280,459
117,172
7,300
180,457
139,419
111,357
59,167
78,180
391,411
148,424
60,311
13,465
333,406
321,352
44,303
25,290
412,470
145,355
151,429
131,191
122,371
309,463
194,247
326,403
111,478
4,352
312,468
298,304
105,175
430,460
110,253
41,419
146,472
154,296
407,476
321,473
66,183
379,414
16,362
351,352
98,135
310,314
29,301
189,253
328,368
106,255
78,193
110,374
8,363
99,481
272,409
38,242
346,358
2,319
131,204
194,489
328,489
54,186
279,304
298,317
31,202
284,419
358,368
110,266
75,245
187,486
57,376
184,417
79,135
423,433
381,436
279,425
17,196
108,314
149,315
209,366
61,202
314,382
302,328
38,255
198,207
392,487
65,92
156,210
188,428
207,441
471,487
94,500
297,371
283,436
302,449
33,261
341,377
126,452
79,148
271,318
82,153
290,331
183,205
114,334
274,323
147,282
26,221
163,492
374,446
162,267
181,280
165,272
459,490
371,377
63,261
329,380
21,264
155,264
260,280
31,457
72,229
39,52
369,452
9,146
176,323
162,388
148,224
327,455
60,111
426,434
68,460
202,460
362,449
169,283
34,95
204,277
61,457
157,165
5,296
247,324
197,237
16,162
257,288
95,455
30,60
241,280
6,117
111,170
157,286
41,111
118,294
238,396
315,350
172,301
287,288
359,393
218,417
226,278
143,243
160,412
252,415
35,417
90,124
117,227
122,305
48,127
433,463
326,337
78,235
27,189
25,345
352,474
164,423
34,350
15,71
194,302
400,407
23,420
377,423
182,184
41,245
178,479
16,417
35,430
117,469
2,253
340,477
414,463
193,198
224,302
50,415
325,354
330,469
96,302
407,423
11,423
71,474
219,372
52,195
217,299
117,361
38,68
230,238
240,431
207,254
152,318
224,423
119,141
212,369
243,436
91,308
270,310
3,195
379,482
200,251
217,420
332,370
43,267
376,413
235,437
221,310
133,197
100,249
193,211
124,377
270,431
256,496
237,254
182,318
283,370
302,383
286,375
179,249
291,490
167,195
406,440
19,31
203,377
277,326
98,324
82,87
1,391
106,444
188,254
45,205
224,436
191,259
182,439
314,329
121,200
33,316
98,445
165,206
318,485
271,373
235,450
183,260
288,313
95,147
174,211
119,275
7,34
191,380
413,493
311,445
130,141
80,283
195,270
52,450
186,450
179,262
387,440
184,377
299,327
87,444
109,203
274,499
169,217
67,206
339,399
223,453
121,442
322,432
107,278
179,383
104,209
169,338
136,161
260,456
67,327
172,343
306,343
9,93
129,158
266,392
211,456
63,329
68,407
21,332
348,461
114,294
144,402
89,466
70,224
264,467
171,276
322,445
96,102
79,458
220,397
197,413
21,453
269,289
2,174
241,456
81,238
122,239
208,279
134,330
139,179
185,295
245,346
190,410
264,359
231,411
157,233
41,287
25,50
252,470
44,63
30,128
16,230
35,243
329,461
370,462
20,349
92,225
364,418
97,303
9,456
47,482
248,472
160,359
5,485
127,182
187,233
118,362
178,413
62,467
62,238
48,303
240,244
143,311
270,352
113,405
321,354
164,370
324,359
236,246
263,349
103,131
6,427
6,198
312,470
446,470
97,316
45,126
64,139
430,462
55,319
3,129
316,360
127,195
209,234
27,257
113,297
300,352
164,491
439,467
236,367
24,188
115,306
189,255
139,434
268,319
166,308
59,182
97,437
18,144
312,362
224,478
215,429
289,378
110,147
3,21
13,480
154,419
154,190
11,370
57,257
351,475
134,477
122,386
10,145
268,440
395,481
106,378
92,480
6,440
386,432
193,266
108,424
256,322
25,426
33,250
126,212
57,378
115,319
271,307
87,486
142,422
18,386
54,80
100,196
413,427
8,378
198,438
84,373
244,325
65,94
304,376
249,440
436,495
408,433
260,269
246,371
58,91
223,387
190,210
258,381
390,500
156,333
73,335
21,145
274,325
100,438
91,389
237,443
130,317
223,279
314,397
341,500
52,397
167,384
313,438
137,441
63,263
197,226
49,99
255,433
7,102
42,325
116,274
9,148
102,339
88,441
308,444
93,290
65,228
238,385
109,500
343,438
164,170
7,223
34,97
70,279
111,280
278,457
317,385
83,218
14,347
74,398
247,326
192,390
211,403
32,172
104,277
164,291
241,282
70,400
264,414
239,357
280,395
385,411
32,293
30,183
62,401
236,288
26,478
62,172
194,291
53,352
6,240
231,358
215,350
13,401
30,304
145,291
219,240
11,62
250,344
71,342
2,242
76,191
134,398
29,116
185,363
171,465
133,173
138,288
231,479
410,481
143,366
154,232
30,196
324,414
90,247
384,465
217,288
62,414
7,478
318,340
34,352
120,355
39,430
83,473
270,299
77,133
60,489
421,468
228,302
379,471
90,368
131,369
112,127
236,422
136,484
84,294
356,487
87,299
455,466
59,237
97,492
133,186
284,355
22,89
11,425
352,489
19,20
2,376
57,312
29,479
48,492
84,186
409,471
188,243
40,79
298,374
64,207
17,361
22,439
75,302
149,251
314,318
80,151
140,431
319,433
219,495
332,372
340,492
78,492
174,200
193,213
77,267
3,89
94,436
435,500
75,194
135,208
140,323
267,364
198,264
19,33
203,379
15,328
174,321
380,426
14,39
126,280
98,447
404,490
137,146
235,452
288,315
188,377
133,441
7,36
191,382
232,383
158,205
58,267
218,219
42,259
283,385
28,95
126,401
46,149
241,324
58,388
177,339
292,326
350,496
83,152
239,399
32,106
436,455
347,383
177,460
56,170
135,463
83,273
322,326
148,173
146,329
46,391
192,216
30,117
16,219
68,409
169,232
62,106
125,391
273,289
245,456
28,458
336,345
129,281
63,452
178,402
159,160
81,469
136,176
180,219
359,450
419,464
92,106
116,463
157,464
317,453
28,350
69,351
46,404
8,112
99,230
71,168
269,412
2,297
57,233
153,466
20,351
6,187
465,472
229,232
449,464
146,463
55,79
228,236
132,299
338,404
272,279
282,472
39,485
328,359
92,348
240,246
111,361
8,354
173,192
76,488
2,310
161,303
240,367
152,483
312,472
59,292
152,254
243,372
289,488
96,359
77,80
8,246
117,418
291,305
29,305
423,424
240,488
59,413
18,146
224,480
243,493
31,85
311,368
22,265
335,496
27,380
319,488
33,131
98,260
115,429
268,442
18,496
64,383
12,193
36,321
94,491
42,72
168,211
388,480
61,85
112,316
404,424
109,247
307,491
422,478
188,311
441,491
205,480
163,254
149,319
267,311
126,335
186,386
147,394
95,204
174,497
389,422
89,389
77,335
278,325
130,198
42,85
170,499
10,281
156,335
183,438
49,209
16,32
95,325
174,389
334,378
339,456
58,443
278,446
295,386
61,219
88,322
198,453
239,454
387,389
46,96
16,153
150,153
86,397
70,389
130,440
42,327
116,276
69,164
322,381
183,451
257,400
34,328
72,354
190,346
262,451
157,169
28,284
248,287
146,276
32,403
30,64
226,390
129,457
382,408
247,449
266,462
44,349
32,295
159,336
178,349
136,352
199,408
92,282
218,421
166,231
18,67
64,183
262,464
358,401
377,414
229,287
74,413
27,72
173,355
150,408
139,478
20,298
6,134
78,239
284,344
8,180
104,413
71,236
131,250
217,290
15,75
106,422
6,484
254,357
64,196
210,250
60,491
127,252
421,470
333,357
38,180
222,489
43,258
411,425
15,425
194,427
432,484
36,255
154,247
286,366
346,417
38,301
167,186
203,368
48,494
15,317
106,435
1,153
119,374
210,263
237,366
242,481
200,484
52,320
33,78
360,436
2,499
51,95
120,491
193,444
72,154
130,132
167,199
184,368
257,321
73,500
119,387
12,261
399,441
149,495
144,151
369,498
61,153
102,154
179,374
98,449
146,197
100,266
320,498
394,447
34,141
58,269
311,449
130,374
218,221
75,438
209,438
264,337
47,110
313,495
244,395
156,282
197,283
343,374
68,169
389,490
255,261
141,388
246,441
141,159
20,98
111,216
171,267
23,103
47,460
129,270
93,347
220,388
79,449
65,285
32,108
285,288
211,339
417,444
250,267
40,457
21,215
76,114
7,280
375,447
306,347
39,232
177,462
89,349
116,452
264,350
262,277
151,409
132,167
211,460
104,334
178,283
136,286
172,468
287,455
273,291
92,216
201,388
41,170
113,275
13,337
63,454
257,468
62,229
134,334
29,52
53,409
111,350
226,337
372,391
143,302
36,176
148,417
275,458
69,124
294,471
60,304
32,471
321,345
25,54
453,464
90,412
324,350
222,302
139,304
133,230
4,116
64,130
303,412
173,302
85,189
186,241
38,114
291,294
217,345
136,420
43,192
337,410
442,463
243,482
94,130
393,463
252,487
131,426
164,374
98,249
310,428
29,415
304,354
175,240
216,241
133,243
64,372
69,487
91,246
344,426
196,299
449,479
187,479
99,366
30,495
85,202
120,425
290,311
1,208
188,300
193,378
251,356
58,190
416,423
435,436
61,195
291,428
258,480
5,34
84,364
244,316
189,380
411,493
249,431
101,267
68,90
188,421
128,141
59,307
67,131
246,362
191,197
237,313
80,329
126,445
200,431
420,434
103,498
423,439
54,313
114,327
86,265
182,498
75,372
383,488
204,257
168,334
176,424
176,195
33,375
167,375
93,160
46,85
109,370
174,499
72,222
61,329
369,445
9,139
33,496
190,214
341,383
19,332
387,499
46,206
285,451
197,338
21,378
95,327
21,149
95,98
232,332
58,445
204,499
176,437
179,442
93,402
65,340
51,405
197,230
40,283
130,442
171,214
93,294
60,117
225,450
280,386
46,219
13,42
25,96
269,456
343,442
2,112
213,332
92,271
37,335
37,106
28,286
14,351
129,338
201,443
220,456
46,340
132,343
104,281
90,346
81,297
287,402
139,238
39,300
20,58
190,469
23,63
55,244
151,477
324,405
310,470
337,344
34,343
342,459
361,472
175,282
199,410
111,297
212,349
102,477
303,467
124,236
60,480
108,228
333,346
99,179
44,243
145,295
52,67
35,423
117,462
150,410
48,362
53,477
15,185
20,300
59,228
18,190
97,254
9,407
124,357
229,410
129,472
27,424
388,403
407,416
118,313
310,483
117,354
258,293
222,370
208,472
18,311
59,349
207,247
23,426
138,413
96,416
80,142
200,473
379,475
33,67
272,349
186,309
117,475
98,196
244,250
87,303
18,203
279,473
119,255
105,357
64,319
251,411
215,488
77,258
163,298
435,491
75,185
24,368
63,67
221,424
54,247
58,137
237,368
89,204
75,306
168,497
302,497
209,306
75,77
80,384
10,325
101,443
290,379
274,371
334,422
100,255
7,27
177,438
397,478
149,376
295,430
283,376
121,314
66,378
33,201
5,102
192,194
10,217
390,438
87,437
68,158
362,376
7,148
205,429
320,379
237,381
424,436
487,492
354,377
32,97
109,317
274,384
100,497
218,223
89,338
295,443
162,328
14,164
167,443
160,218
19,279
220,269
170,448
266,385
371,438
178,272
169,452
389,492
218,344
70,217
111,218
9,207
88,500
322,438
74,336
373,403
357,395
329,333
296,385
315,398
301,500
81,460
20,221
6,57
171,390
234,446
41,51
165,346
247,385
113,156
8,103
5,357
282,342
125,395
218,357
56,295
446,450
152,232
23,118
157,347
220,403
458,460
180,452
106,237
4,226
372,393
143,304
129,406
192,462
154,170
393,452
412,465
71,172
62,352
370,468
122,366
227,419
120,293
235,243
59,283
6,191
92,231
297,340
160,365
127,417
25,406
379,409
38,116
217,347
263,463
268,312
106,250
160,486
283,297
25,298
66,70
33,122
30,376
24,302
131,199
84,353
323,369
395,474
1,318
87,129
119,310
17,299
110,261
96,363
289,492
182,366
388,471
167,243
57,371
79,130
115,312
230,299
87,479
221,479
240,492
18,379
193,380
298,433
31,318
191,307
399,485
36,433
237,423
107,313
179,189
65,87
216,485
109,130
207,436
293,439
100,310
251,479
75,482
182,379
314,498
176,305
195,318
33,256
126,447
360,385
65,208
87,492
161,441
183,200
67,254
223,272
56,95
181,275
179,431
313,431
115,446
216,498
109,143
21,259
35,157
12,439
7,95
292,493
199,265
295,498
61,331
83,90
107,447
382,386
79,385
60,106
44,98
82,390
156,339
35,49
21,151
315,332
320,447
394,396
34,90
144,450
77,460
89,285
83,211
162,275
459,498
63,498
137,447
51,407
95,221
26,350
172,404
347,442
130,444
37,216
56,229
129,219
201,324
146,388
30,176
7,229
208,219
15,53
259,450
59,96
83,453
23,173
201,216
197,474
145,284
11,55
71,106
315,466
153,404
53,466
157,294
284,335
113,224
25,111
159,340
310,472
2,356
444,472
48,472
400,402
111,299
152,300
78,122
358,405
303,469
110,303
261,472
421,461
44,474
25,232
66,233
30,310
356,480
122,313
194,418
340,472
326,345
133,179
413,462
325,349
163,287
108,351
289,426
272,459
217,294
87,413
20,423
240,426
152,313
279,354
284,469
143,493
196,356
242,472
94,308
181,196
57,426
258,416
203,251
15,429
6,380
207,370
155,180
119,257
31,144
17,246
237,249
223,314
85,380
33,190
286,370
112,254
198,257
406,435
103,434
408,481
26,150
22,445
3,203
89,206
66,488
107,260
33,82
126,273
179,365
258,429
423,496
51,99
216,432
376,421
276,483
183,255
12,373
26,42
251,426
177,211
457,494
168,391
314,445
355,483
28,88
267,370
181,330
74,204
198,499
327,384
406,448
46,142
238,312
197,274
362,378
380,432
3,445
130,486
259,371
149,499
56,271
223,448
98,453
104,204
54,383
183,268
232,389
177,453
75,442
116,214
239,284
132,158
324,328
90,161
241,330
48,164
227,395
260,343
345,387
102,171
363,441
181,464
41,161
354,392
132,279
299,456
137,394
145,218
95,397
2,169
172,351
78,164
28,343
102,292
50,102
234,448
46,397
321,336
266,400
123,351
384,392
26,418
67,456
120,282
361,408
194,231
6,180
23,349
124,172
196,277
449,457
36,59
32,354
233,344
145,231
236,349
20,465
180,454
328,352
372,395
50,115
17,167
173,414
25,287
154,172
30,365
150,467
103,355
120,295
194,244
87,118
73,183
133,234
9,464
64,134
344,417
41,416
94,242
319,360
112,296
2,424
291,298
103,247
10,19
175,352
340,419
54,62
207,304
18,139
23,483
45,242
224,473
270,360
374,417
272,406
98,253
103,368
109,119
147,374
18,489
59,298
367,414
251,468
256,317
94,255
47,143
341,361
214,320
10,261
404,417
323,492
230,301
59,419
133,368
72,92
149,312
135,148
415,431
198,204
376,476
216,258
54,425
133,489
128,145
334,479
311,495
94,497
116,256
346,489
79,374
198,325
84,489
65,210
63,366
51,275
390,495
257,380
100,433
293,333
320,436
86,269
58,436
383,492
190,326
33,379
313,433
109,374
49,94
213,431
72,455
89,395
70,153
149,446
42,320
102,334
74,272
79,387
280,377
13,33
202,457
403,447
58,449
185,224
226,262
56,110
157,162
229,267
248,280
96,152
253,395
32,396
13,154
266,334
238,272
35,401
90,108
169,401
329,390
35,172
370,391
95,452
34,213
185,345
212,219
129,450
14,234
41,108
261,340
165,403
32,288
233,278
26,473
342,450
6,235
185,237
69,291
143,240
160,409
113,334
8,52
27,65
159,221
164,299
117,224
222,240
268,356
273,471
226,396
9,398
83,347
50,170
14,476
215,466
289,415
201,339
206,417
104,406
200,343
305,396
57,294
310,474
76,307
57,65
277,297
268,477
340,353
152,302
124,469
143,482
50,291
22,192
421,463
44,476
52,71
184,227
222,253
115,127
15,189
1,254
152,423
325,351
77,249
196,237
80,254
11,420
214,254
186,421
38,294
24,130
122,436
249,477
115,248
428,479
340,366
367,469
18,315
339,370
8,307
402,426
295,300
99,425
79,187
337,482
189,318
395,423
340,487
152,436
205,299
246,300
91,426
77,262
8,428
52,205
258,310
137,249
156,262
73,493
362,367
207,493
158,308
89,208
283,488
61,146
355,364
47,211
281,378
360,442
165,203
244,496
170,318
54,372
12,146
53,147
237,493
397,482
223,329
102,268
121,318
313,488
299,324
82,326
183,378
188,493
153,206
12,267
306,448
20,91
89,450
70,208
350,491
83,147
162,211
79,442
