276,727
100,501
50,909
647,899
153,327
927,953
498,510
295,447
47,345
594,743
929,962
41,271
332,743
46,386
244,630
404,619
192,211
271,504
648,979
202,633
670,738
238,327
136,279
616,623
43,990
98,697
184,737
1,993
362,972
442,443
31,643
77,759
727,841
259,507
39,238
36,169
198,756
239,757
695,808
165,579
552,988
387,921
827,964
321,567
230,974
142,861
84,920
114,762
655,857
451,798
157,351
69,467
410,531
575,864
69,238
110,239
822,970
8,228
247,510
187,230
711,873
637,695
892,921
643,860
197,773
184,282
375,816
73,185
279,290
60,660
168,193
338,870
513,625
558,644
544,709
750,814
180,698
741,994
142,177
359,700
173,429
118,493
558,994
847,868
453,712
444,892
411,715
502,833
328,717
4,593
207,427
86,137
74,837
311,484
127,663
476,817
13,827
701,935
687,771
544,951
585,989
659,938
24,198
411,607
139,673
460,994
4,714
141,194
12,80
201,770
715,954
407,838
486,902
85,558
150,953
527,674
893,997
659,830
194,959
139,794
276,540
109,134
157,848
205,596
353,494
127,905
816,898
30,743
47,158
654,836
527,795
733,900
698,879
15,620
684,715
450,548
138,956
348,500
518,948
853,901
622,776
468,538
13,143
846,898
651,659
30,46
331,977
174,505
7,328
348,392
141,328
707,968
688,726
86,621
600,613
228,970
369,680
368,492
423,916
422,957
257,395
730,844
381,690
7,220
191,795
517,965
185,226
79,739
280,500
8,41
82,744
390,631
159,210
568,903
193,760
480,790
339,814
328,396
452,691
176,564
809,965
14,465
468,672
22,60
662,686
505,968
315,578
661,986
452,812
383,978
350,572
561,755
165,526
32,640
211,871
519,758
159,223
785,914
2,239
86,876
208,573
122,304
208,344
595,753
309,396
144,588
6,358
820,871
586,933
226,627
138,514
429,986
720,869
49,701
706,971
66,116
11,180
38,54
461,645
686,992
378,876
861,993
713,866
18,304
658,930
270,296
82,999
238,987
407,530
458,761
95,709
84,291
263,522
120,473
116,768
14,720
671,990
32,774
701,869
338,817
44,599
439,640
664,987
516,823
189,428
20,656
815,890
210,258
220,946
275,653
877,987
402,428
701,990
30,556
571,880
796,998
634,936
59,476
446,885
518,761
845,890
72,149
316,775
677,754
930,934
517,536
374,716
84,425
161,608
485,705
344,729
39,93
495,898
369,493
398,965
52,328
117,723
590,906
464,538
142,487
161,500
656,708
100,490
740,850
22,570
784,893
80,511
145,906
327,388
15,796
543,952
390,444
496,840
494,501
67,205
91,562
53,270
517,899
283,732
56,275
770,850
23,98
85,747
181,684
673,917
332,853
332,624
146,205
65,509
390,565
598,743
123,221
663,845
355,729
682,858
630,668
179,732
341,565
349,389
547,670
41,44
137,506
469,979
235,812
73,750
274,511
494,743
241,563
29,155
394,805
139,286
56,517
470,800
410,520
225,740
118,348
161,984
35,579
370,569
298,989
320,748
595,687
180,445
75,917
144,522
345,512
732,921
212,397
317,450
377,464
74,463
404,863
412,687
109,915
21,573
403,638
568,971
260,818
458,574
843,910
61,874
171,517
606,674
234,802
456,878
776,856
583,690
789,795
132,525
739,974
104,463
637,926
480,979
554,928
125,751
221,459
680,744
143,539
14,654
19,769
454,926
560,864
546,929
530,692
595,821
328,477
278,885
92,466
372,749
542,931
220,880
657,881
8,472
321,703
352,770
613,811
269,772
57,593
511,534
153,826
10,23
101,370
87,472
23,716
317,934
699,999
666,822
205,235
143,552
863,878
627,867
613,703
38,243
263,590
208,654
650,999
235,491
634,991
196,765
399,599
55,789
8,714
187,716
228,717
541,948
300,593
71,770
39,966
617,714
703,717
343,411
455,652
400,716
123,142
59,423
573,607
738,940
96,719
335,964
550,660
335,735
30,853
9,13
571,948
194,732
529,722
18,735
386,902
334,483
587,663
430,945
397,768
206,971
130,195
508,784
179,545
148,212
332,558
304,725
73,563
293,566
298,910
45,501
573,849
39,161
724,789
130,545
209,609
300,727
83,204
71,904
527,918
294,387
266,325
207,913
347,664
223,628
732,734
107,682
594,800
234,494
621,903
635,838
84,964
41,99
478,854
712,792
381,921
188,792
362,679
725,731
210,810
380,733
72,351
283,800
99,979
806,841
42,445
314,867
322,499
795,911
79,741
392,972
27,285
206,287
156,695
868,901
68,582
104,276
725,852
73,926
86,865
265,867
595,742
213,448
273,462
209,972
295,746
247,446
560,677
431,526
95,577
623,696
222,352
342,683
801,968
484,803
465,524
146,744
354,922
679,978
417,978
109,862
169,647
57,177
408,929
84,280
67,865
889,973
493,973
15,180
171,693
597,801
905,917
363,634
299,878
192,752
324,642
678,874
141,935
623,938
76,311
232,824
741,930
326,688
138,637
349,820
17,118
393,863
467,812
155,991
296,701
332,358
199,768
166,591
45,301
162,886
308,940
399,533
333,704
57,540
126,145
258,301
170,188
199,889
59,357
193,320
229,768
523,949
168,492
300,648
277,435
750,884
156,374
629,823
455,707
312,887
353,430
265,317
564,879
438,474
435,728
154,715
536,780
89,91
714,823
48,962
442,889
524,662
818,880
251,769
295,546
429,546
527,852
635,651
24,497
571,895
354,372
772,885
124,849
163,777
237,726
911,936
245,321
424,552
102,272
19,503
2,859
122,924
151,393
404,610
739,829
519,560
629,957
890,998
255,487
568,718
81,334
28,215
360,688
217,905
267,497
294,334
640,742
151,514
25,146
510,898
54,618
307,798
367,849
568,839
172,573
34,380
287,560
361,509
466,562
278,740
751,960
484,845
479,501
556,721
272,962
786,917
44,280
250,385
697,845
408,742
265,922
53,514
273,517
139,288
185,404
658,853
171,506
262,624
336,573
112,865
332,868
693,847
178,401
596,914
766,800
978,979
35,352
494,866
91,927
908,920
460,501
658,745
212,399
556,963
162,807
429,922
349,404
44,293
174,817
153,694
796,800
328,466
116,812
364,648
424,699
28,699
331,471
83,406
518,563
294,818
206,476
310,533
81,710
755,920
372,630
281,1000
440,764
439,805
379,525
112,410
733,757
516,759
221,353
138,584
83,648
759,931
220,882
163,348
297,348
266,769
599,649
428,767
722,756
101,143
124,770
578,711
798,980
289,608
242,762
674,944
696,703
104,828
286,310
544,834
566,593
153,949
865,926
101,493
183,303
1,326
689,700
534,826
205,587
224,600
927,986
316,832
490,719
75,248
696,824
522,937
52,493
148,201
290,550
763,999
400,947
703,719
243,963
298,670
67,249
330,888
17,428
619,725
622,767
355,652
539,998
126,563
379,780
186,614
146,249
170,606
194,963
483,837
235,735
6,912
111,965
18,737
436,496
422,827
928,958
620,842
31,676
793,999
344,907
719,784
779,835
37,198
278,324
314,735
85,912
602,650
133,845
255,542
399,964
118,981
520,961
28,270
322,488
547,835
165,275
450,902
703,853
269,332
513,958
716,792
908,962
273,451
144,566
135,517
374,799
200,912
649,738
14,227
63,614
119,923
130,789
479,677
59,91
314,869
258,974
509,556
528,569
612,977
868,903
35,407
236,397
232,692
562,567
78,225
606,610
327,700
676,854
822,908
225,689
343,910
697,913
86,759
278,929
4,168
284,451
542,746
795,926
275,402
27,300
701,739
238,749
150,636
315,703
475,692
576,744
116,759
845,868
210,357
275,752
330,459
96,292
146,638
541,642
49,705
352,477
35,770
329,988
81,657
636,650
240,650
919,975
518,631
146,988
440,940
8,300
388,521
319,650
35,662
155,993
893,922
599,704
76,434
81,778
452,950
240,542
842,876
611,714
798,806
270,421
349,714
608,645
539,811
2,835
76,555
125,942
543,701
408,476
279,362
8,771
71,598
164,789
179,360
351,881
103,550
488,886
166,835
288,532
226,886
9,888
735,763
418,827
316,779
70,80
228,666
641,835
949,951
118,794
85,617
525,889
547,648
318,825
492,712
464,879
290,497
235,561
529,779
362,373
97,856
21,309
193,564
50,781
7,145
153,199
457,610
517,661
135,559
145,789
107,497
117,956
327,500
392,895
681,769
43,741
63,427
832,901
510,887
529,900
491,608
68,276
362,494
133,671
64,800
67,317
12,381
806,885
89,335
173,972
262,492
83,261
88,376
346,900
201,253
206,331
142,612
68,626
104,320
90,156
389,718
790,796
224,910
554,556
110,808
724,967
512,559
154,851
181,688
83,153
420,970
855,898
800,962
748,772
280,438
357,392
744,801
719,973
116,451
248,341
142,854
7,629
105,972
64,934
788,965
29,159
72,758
581,901
526,965
760,903
345,395
553,573
372,498
415,868
55,67
467,506
118,352
38,100
425,509
26,763
320,981
755,909
134,333
125,742
493,909
144,755
746,860
152,350
31,60
528,866
533,981
607,930
734,971
693,970
269,642
329,693
249,404
287,696
111,699
317,575
570,755
542,922
247,745
285,771
467,519
539,624
150,583
623,766
103,242
309,347
741,758
479,987
152,592
732,938
336,938
391,874
685,863
418,748
143,543
247,637
99,473
84,350
650,990
810,979
259,876
565,653
325,412
192,822
178,887
398,890
200,417
351,815
659,931
425,764
346,471
356,893
562,998
543,756
634,874
235,374
212,656
336,951
86,251
294,954
144,192
443,525
305,820
318,530
703,829
634,995
226,941
842,944
334,474
303,895
89,377
544,957
93,267
403,429
289,852
330,890
80,678
575,657
415,439
351,949
98,732
681,824
392,721
104,254
596,716
73,675
615,729
143,919
881,885
246,374
56,213
4,23
61,328
184,893
109,490
68,452
243,978
619,969
366,560
591,907
369,794
572,665
9,259
709,899
528,558
15,976
390,853
13,149
27,47
142,788
338,434
150,383
270,973
447,606
361,566
908,964
75,734
70,390
778,854
165,627
103,981
170,742
538,909
505,732
758,912
670,799
389,786
399,979
306,751
619,982
438,907
603,745
108,214
220,455
528,571
321,507
82,750
109,853
887,918
305,499
274,920
278,810
135,761
597,792
646,684
54,809
329,977
544,636
131,238
287,751
106,181
644,988
630,861
74,872
210,238
198,938
734,918
51,659
706,856
257,764
269,818
590,644
631,682
232,936
451,980
625,867
124,356
253,995
891,986
476,515
94,184
123,885
546,988
453,760
277,534
184,343
683,993
783,931
72,839
469,475
111,767
606,746
50,528
611,824
182,418
42,115
333,587
228,305
238,993
398,945
219,714
85,485
155,995
433,939
202,252
18,431
133,418
265,308
89,311
457,478
75,184
527,722
219,606
179,241
184,585
198,254
409,703
87,652
37,831
675,822
83,947
243,899
231,845
119,375
532,773
31,262
163,647
110,555
213,239
94,547
176,357
296,947
934,938
263,770
189,555
211,314
376,647
656,701
155,190
72,155
471,655
247,947
402,555
350,365
709,712
520,547
93,443
38,544
184,598
249,727
450,717
202,386
619,903
383,663
388,778
88,486
267,717
356,974
395,902
104,201
452,618
457,733
179,725
43,864
201,255
216,792
271,499
362,846
458,554
134,201
443,956
663,959
235,926
546,559
174,687
36,982
172,577
369,862
176,733
124,277
69,341
129,392
299,803
421,500
500,793
514,728
868,960
25,271
151,410
660,782
188,972
62,567
274,746
788,967
650,737
325,977
213,507
80,880
685,731
8,223
54,864
475,628
29,282
576,680
172,590
414,618
667,798
658,978
377,470
289,357
431,935
651,975
217,454
67,924
411,468
323,355
9,690
308,986
616,873
349,758
22,134
302,417
178,876
104,698
214,304
236,588
290,299
326,747
479,989
59,403
658,991
386,532
534,696
451,927
638,753
108,524
743,806
266,881
352,884
439,809
186,363
530,927
714,748
678,825
731,917
98,250
356,774
153,711
328,941
488,930
414,981
29,416
115,419
422,576
441,589
23,601
284,642
449,709
247,989
338,878
401,409
235,605
446,825
17,648
182,715
509,881
522,820
525,825
24,543
698,753
925,944
271,420
128,371
207,664
532,949
988,1000
251,707
246,363
196,771
36,553
435,787
471,481
443,648
333,776
176,304
300,599
525,946
814,820
179,309
39,972
469,785
466,487
839,998
292,371
182,728
756,1000
190,323
248,264
79,492
29,900
193,742
110,973
91,731
765,904
6,98
75,494
130,430
424,611
575,780
360,855
57,854
10,513
63,605
390,734
684,952
510,836
4,964
381,685
169,506
213,549
190,565
897,952
360,747
487,788
459,726
552,917
510,957
472,665
475,670
117,208
375,503
727,891
168,927
19,804
363,385
225,909
146,387
519,632
412,506
16,506
885,955
236,280
554,855
72,815
686,745
572,909
295,860
410,810
658,683
630,850
649,863
693,906
8,49
228,281
706,845
305,501
11,54
95,691
217,388
475,683
549,632
631,671
727,904
713,969
419,522
205,270
126,943
418,563
456,818
344,348
382,640
253,755
261,350
519,874
623,931
232,817
309,512
144,704
405,974
37,578
699,926
446,517
181,1000
102,707
9,516
297,394
574,931
159,460
11,296
475,925
172,887
359,979
309,404
259,812
226,635
842,867
694,703
97,484
212,471
196,463
289,654
25,581
44,594
71,468
263,638
29,471
342,702
125,933
20,651
359,871
421,931
321,993
476,638
402,423
541,767
198,364
689,867
353,652
551,933
196,705
330,934
267,356
604,944
84,420
304,652
101,552
51,206
49,133
345,949
133,770
147,439
279,595
499,598
163,649
223,434
171,244
307,549
601,767
463,537
568,590
251,654
531,937
316,783
907,958
640,843
827,935
846,948
221,896
348,671
64,912
642,660
243,914
311,789
705,716
420,732
43,745
46,262
290,851
598,738
133,904
320,501
719,964
490,912
138,201
162,558
167,673
129,152
349,384
552,972
459,781
440,502
343,835
49,388
288,670
804,964
205,901
461,561
144,396
223,689
135,805
6,166
691,794
138,322
473,800
40,689
119,982
678,680
444,513
287,566
278,746
223,810
56,633
368,905
74,458
32,690
440,515
574,744
412,682
403,862
329,684
57,225
585,610
609,738
48,405
586,983
259,625
685,733
327,988
487,977
542,684
729,739
154,279
362,982
16,574
389,856
540,988
328,580
235,352
161,174
221,225
28,813
205,217
551,625
229,574
41,523
151,654
486,873
527,645
112,174
199,816
474,526
166,410
174,234
298,300
113,520
333,523
541,701
442,924
857,937
516,873
783,988
98,131
259,988
147,252
349,881
416,642
354,996
168,311
775,989
393,695
181,250
269,888
272,405
698,742
63,231
328,943
37,767
534,819
100,298
12,185
578,825
523,889
72,199
798,865
22,607
108,418
622,868
75,241
42,64
62,945
10,260
51,261
455,876
942,994
212,889
499,653
416,884
757,948
531,871
396,417
575,648
401,532
63,244
890,925
909,938
348,376
69,961
490,954
388,943
591,777
253,489
673,846
165,376
2,89
298,905
114,330
348,497
494,551
273,323
589,825
602,764
32,153
918,1000
197,449
338,425
159,194
329,605
18,743
353,962
661,849
399,849
232,443
130,432
341,844
200,905
88,435
594,795
32,503
44,328
159,315
156,569
68,456
494,793
81,395
106,159
218,400
102,454
234,610
492,905
46,559
165,510
113,320
101,983
389,669
31,695
447,610
53,454
471,967
37,446
424,855
162,855
52,983
299,860
533,798
118,290
7,688
175,272
111,516
157,632
19,927
957,981
251,267
373,930
533,919
151,588
49,806
16,400
255,682
48,581
337,455
287,863
254,686
166,573
133,167
234,973
418,565
327,935
146,860
55,247
5,655
266,696
390,991
486,699
678,869
315,817
461,871
843,973
144,935
562,694
216,286
340,352
78,581
639,914
262,927
40,60
418,686
148,825
643,804
140,183
219,476
750,866
464,509
428,815
455,460
59,460
138,753
861,882
410,946
335,772
416,468
192,989
149,353
123,889
687,931
599,818
52,191
659,869
590,769
323,654
189,425
290,477
317,876
205,406
284,699
597,930
638,931
770,821
481,718
150,884
733,939
879,993
34,938
189,546
142,471
340,715
111,892
601,756
64,551
394,426
504,823
453,777
272,702
833,998
112,484
700,883
626,705
483,885
469,721
818,875
326,938
515,837
224,890
62,74
3,433
292,307
89,207
517,654
448,783
74,313
57,669
29,836
703,780
403,488
876,937
716,719
119,500
3,554
228,901
245,316
214,737
429,662
608,893
396,485
635,767
69,90
263,895
175,782
431,442
563,598
427,966
279,839
424,439
157,324
23,95
415,619
192,318
87,790
16,92
210,860
256,976
603,791
295,675
248,563
186,917
602,832
445,848
321,324
343,608
549,676
29,152
89,691
116,565
85,986
363,671
781,955
160,342
49,511
486,512
255,616
217,324
29,273
829,851
34,388
581,786
15,109
152,343
556,958
308,856
270,335
588,910
970,975
197,530
145,340
31,992
70,920
1,66
652,787
256,292
775,857
252,587
338,627
766,808
7,756
320,987
189,238
194,582
221,227
317,918
251,335
27,590
335,706
402,467
641,749
849,927
38,456
444,878
425,636
750,921
29,407
717,744
20,587
273,767
130,984
56,769
441,580
212,757
69,708
377,595
27,482
346,464
2,654
117,641
617,698
207,305
336,944
437,996
559,693
504,528
51,960
35,952
263,816
235,488
842,937
298,773
413,760
988,991
110,493
113,993
471,701
421,880
374,768
659,937
318,644
571,824
610,752
376,585
450,534
675,881
666,832
738,937
160,960
242,770
316,719
25,772
589,814
85,786
916,943
392,714
15,727
684,822
441,835
749,951
515,784
358,837
614,763
504,891
531,994
70,370
89,383
681,709
786,954
340,904
837,956
49,203
119,905
582,666
34,309
536,964
140,964
38,953
322,483
57,966
148,330
19,445
194,971
238,489
348,620
205,837
788,892
67,378
466,612
302,918
129,438
487,671
560,661
362,905
477,626
463,728
655,898
378,620
591,913
718,954
630,841
358,382
229,268
19,687
456,459
321,500
574,680
744,862
790,978
366,916
204,854
199,510
221,269
218,523
586,919
584,846
479,564
630,962
124,336
229,389
368,733
280,849
354,798
454,736
385,865
206,405
321,392
99,279
85,115
403,690
389,792
318,323
53,806
122,411
609,795
419,634
364,698
185,467
92,276
152,290
281,929
17,102
583,742
160,639
509,793
108,220
201,448
426,795
233,629
475,916
57,174
857,981
268,586
378,983
1,242
741,806
634,680
190,932
548,640
221,511
680,796
451,973
284,567
14,706
344,352
21,867
577,819
131,244
865,963
84,169
172,770
249,465
562,925
428,467
378,875
842,979
386,470
606,739
625,752
119,126
210,244
528,819
622,683
197,948
701,747
272,570
669,943
359,983
395,640
240,537
119,476
336,999
358,758
298,478
372,693
41,822
275,760
8,645
784,866
729,930
13,760
22,543
5,899
412,994
167,180
304,643
367,699
231,838
279,357
14,840
960,984
388,758
696,874
190,248
24,481
497,930
879,995
332,368
469,602
290,371
914,989
119,489
793,928
8,887
297,532
393,994
448,664
314,435
93,207
805,938
299,312
763,941
670,713
68,379
109,188
515,839
124,954
316,895
784,1000
572,592
135,554
195,605
83,135
506,726
524,780
529,895
615,898
6,854
329,541
279,949
21,196
81,835
265,785
554,659
31,618
399,785
34,135
306,328
3,556
176,713
162,549
415,729
38,779
468,592
506,847
98,793
74,207
500,544
307,903
197,277
16,202
147,685
427,968
370,434
359,541
341,901
286,965
410,506
162,670
181,683
401,723
258,903
492,841
275,318
13,318
257,449
36,975
378,675
584,780
479,498
234,667
156,747
44,277
472,495
67,675
650,730
3,919
545,973
760,898
92,439
512,796
713,786
284,380
286,978
382,686
215,280
216,919
357,858
389,847
351,555
678,684
43,173
499,978
345,740
240,458
345,511
111,344
372,385
616,974
198,986
94,111
66,278
651,968
255,968
145,342
269,637
618,791
112,165
637,804
2,293
764,845
232,984
521,858
249,399
356,525
340,517
493,796
479,861
658,863
759,915
143,646
229,457
79,927
430,447
252,589
291,517
175,571
452,879
240,471
116,930
358,692
36,412
891,926
108,288
385,825
541,813
123,825
16,699
169,941
511,641
590,934
15,474
576,807
231,772
446,697
162,938
242,638
710,743
426,984
173,538
775,872
352,769
819,915
425,759
29,530
318,404
717,867
180,928
203,417
376,574
101,369
469,536
648,767
647,808
229,820
12,68
41,769
66,533
117,764
165,246
590,947
188,644
601,813
331,952
565,890
119,544
91,482
261,893
278,308
350,413
253,480
60,85
230,533
271,534
68,434
18,842
288,474
95,308
138,944
427,552
434,942
74,141
48,906
27,29
6,909
109,364
30,34
293,673
265,840
177,727
306,383
130,652
402,845
25,895
171,195
295,490
33,719
797,886
313,773
327,442
19,326
84,721
60,98
753,779
1,915
285,445
271,547
384,424
298,909
17,896
480,657
633,899
719,902
72,337
116,609
751,891
61,444
451,599
313,665
487,552
244,794
115,909
141,558
788,894
208,319
499,791
218,512
204,614
240,271
570,671
778,849
243,276
167,732
649,735
41,327
160,278
187,381
68,689
582,910
246,732
461,620
447,722
122,400
77,923
14,574
382,741
275,386
60,461
127,222
896,962
887,913
183,797
238,504
73,925
155,964
799,800
184,204
209,971
19,810
743,841
32,520
734,792
558,566
277,287
581,964
347,797
617,621
378,864
567,800
185,698
166,456
138,623
616,921
583,744
294,641
211,872
85,467
329,864
409,564
125,805
432,467
330,685
182,521
863,919
63,866
176,218
159,574
764,913
170,174
359,864
106,647
501,688
353,524
205,397
451,867
666,755
298,359
454,872
75,287
462,467
849,876
16,875
214,365
439,978
525,752
136,711
423,475
199,996
185,832
171,934
422,516
553,999
372,924
78,477
914,978
933,991
25,816
149,357
295,411
300,526
16,767
360,540
506,594
492,696
208,937
184,351
15,542
390,419
235,545
240,660
231,840
100,357
485,693
22,666
261,948
314,545
742,992
962,995
341,419
234,293
13,65
469,833
395,655
188,591
174,427
344,838
448,895
291,948
401,591
888,938
225,365
51,212
524,661
381,841
255,473
207,725
675,830
430,999
302,962
9,188
85,735
594,841
308,484
291,840
294,320
607,780
693,820
187,194
271,602
82,437
288,771
535,648
210,851
485,827
438,486
448,908
19,502
146,314
390,903
412,433
744,906
600,898
223,911
39,336
405,430
4,86
102,392
262,381
575,841
167,787
179,612
406,803
841,960
261,385
244,970
321,436
13,320
790,914
260,685
76,110
134,317
361,737
287,559
347,839
576,662
686,793
493,664
130,612
185,511
778,796
198,746
280,556
445,852
799,855
577,742
329,677
86,919
245,683
372,495
317,559
537,562
98,929
882,974
385,693
257,693
498,755
28,577
19,986
93,935
113,621
662,863
266,863
32,696
123,814
374,396
35,701
2,524
180,796
722,850
259,860
166,632
97,532
476,565
266,755
563,978
198,291
203,406
645,751
115,293
323,471
240,702
419,933
245,817
14,884
31,299
440,992
206,825
733,985
43,538
82,237
166,874
636,823
221,581
515,533
465,941
243,828
100,291
229,701
652,804
476,807
242,640
187,704
247,984
118,833
434,581
43,659
805,982
134,814
342,992
939,982
598,652
722,984
400,933
455,640
446,820
559,697
53,71
144,189
209,584
374,651
250,881
558,997
93,143
313,412
170,592
497,987
79,245
934,988
285,313
617,823
749,942
288,355
114,431
482,598
229,943
36,777
526,641
724,885
223,374
300,594
434,823
635,813
401,646
681,700
238,359
224,949
50,833
301,415
215,900
163,710
292,595
347,531
438,649
746,765
228,839
589,818
229,246
415,436
368,590
24,780
420,780
547,592
115,898
478,721
170,605
610,877
758,775
288,597
21,482
4,838
197,213
315,434
110,968
86,382
292,716
144,552
567,655
429,721
396,544
621,662
5,393
225,662
216,842
45,960
21,374
139,329
89,737
586,789
97,103
93,627
753,902
25,200
706,827
128,621
785,891
329,611
95,444
804,904
91,968
227,334
433,668
185,337
322,608
401,901
253,737
55,227
431,743
164,399
477,630
217,262
683,735
815,854
414,547
581,724
460,663
630,845
396,678
690,859
357,915
216,976
252,633
539,663
439,725
252,404
752,956
843,845
218,756
149,922
345,568
410,697
308,915
473,982
275,509
863,908
8,165
371,971
233,512
305,617
86,987
221,394
14,818
449,746
5,769
338,915
618,969
439,738
38,165
755,974
483,515
262,812
229,864
652,967
58,228
349,700
77,241
443,564
32,764
761,873
219,590
659,862
310,708
544,646
20,875
230,456
245,993
358,870
124,474
430,746
657,937
701,980
541,762
162,177
167,521
346,523
235,655
147,542
386,824
974,994
573,650
526,575
397,690
16,769
360,542
24,593
43,606
571,762
207,714
124,945
380,642
17,590
707,771
3,655
251,528
242,708
61,367
80,380
539,931
63,413
832,887
510,644
911,924
37,131
383,539
429,655
200,832
66,603
33,426
566,889
263,888
323,902
142,827
64,907
210,961
342,363
581,645
306,440
378,545
130,480
405,419
751,827
603,663
28,432
415,612
24,727
510,886
104,198
147,797
936,994
683,777
134,306
246,776
166,258
121,781
138,196
102,502
47,566
575,951
129,376
929,954
201,252
822,828
230,953
739,830
104,319
123,332
293,972
496,843
45,907
260,795
246,897
306,682
378,787
311,797
259,607
130,722
586,736
326,368
308,728
14,281
165,679
1,985
44,160
202,746
21,671
26,749
480,956
43,164
29,266
260,687
774,908
218,690
378,679
493,666
185,513
507,564
424,795
23,451
102,744
419,451
33,910
570,620
561,800
182,215
32,456
90,397
604,618
15,223
218,811
70,684
820,916
713,790
264,698
28,687
97,292
47,700
817,847
643,960
297,323
882,976
426,733
197,644
238,682
164,467
315,865
24,164
273,639
400,680
235,347
405,795
176,972
518,672
611,863
146,800
127,521
627,844
197,765
169,932
632,693
379,513
81,819
425,629
865,901
273,760
1,301
218,824
147,355
680,855
59,279
367,395
726,971
284,626
504,629
65,996
335,820
297,336
285,999
94,236
462,632
522,683
665,991
439,914
361,994
323,473
143,771
86,237
53,60
523,763
333,868
154,637
407,588
319,704
954,986
200,524
379,755
181,245
654,694
398,768
165,237
356,771
571,696
309,696
142,519
870,992
601,804
389,396
408,409
174,242
754,817
8,704
218,248
44,886
57,825
420,648
236,827
346,470
566,702
492,524
230,524
235,602
216,360
188,527
983,990
515,656
721,990
174,363
518,927
243,722
522,817
612,710
20,835
128,597
40,484
633,769
397,758
490,949
94,720
443,645
517,594
171,186
262,304
714,879
98,610
406,726
552,780
225,422
409,997
684,707
326,999
422,936
656,874
482,721
499,890
122,149
361,431
366,546
8,838
572,880
218,382
61,435
355,653
28,258
635,936
602,759
621,772
103,846
767,826
371,597
450,890
49,546
610,879
216,723
188,890
197,215
403,549
296,423
573,960
278,554
302,911
663,890
4,22
608,954
167,723
547,944
454,487
767,947
786,960
15,854
271,780
505,947
241,608
655,891
176,893
74,387
426,775
109,610
114,688
293,919
153,616
328,388
685,891
162,621
349,447
197,578
117,326
301,901
843,955
356,571
650,789
43,111
3,978
195,919
759,961
69,514
179,911
418,439
220,683
215,339
187,506
753,917
660,726
486,802
11,280
752,958
62,511
29,334
153,629
521,796
125,796
161,224
116,976
138,506
97,468
322,852
107,927
284,560
247,678
338,796
164,643
903,982
856,907
340,576
37,575
515,577
620,630
372,565
859,912
181,997
537,632
163,391
624,749
500,979
379,689
107,230
365,525
659,743
134,858
213,922
63,160
636,759
331,877
9,863
501,800
293,356
451,979
155,163
188,340
64,304
124,584
23,532
251,396
17,229
105,571
687,926
544,877
819,853
617,867
502,651
900,926
437,936
311,531
261,939
402,649
434,638
599,934
544,998
24,474
51,82
395,646
689,864
141,241
256,716
383,528
668,926
33,415
167,415
112,479
356,839
610,692
290,485
417,526
381,603
496,590
673,710
26,146
177,544
589,754
503,714
28,192
318,934
356,960
299,426
703,775
735,993
100,482
224,777
567,591
245,311
415,722
415,493
492,713
992,999
257,550
730,999
288,654
348,668
389,706
62,82
31,732
466,660
110,796
194,201
779,891
204,660
350,485
360,907
313,832
225,719
758,953
1,745
573,907
110,917
447,539
3,791
77,740
204,552
360,799
850,892
181,568
289,330
244,853
189,917
261,268
560,830
445,843
151,396
128,907
334,783
526,953
204,673
487,732
43,984
660,889
137,619
257,913
161,976
178,391
119,979
193,928
136,394
254,386
185,515
391,620
33,912
575,966
468,840
418,494
96,443
120,507
653,741
713,792
437,857
327,985
146,681
583,682
780,967
687,739
52,228
217,561
623,983
428,744
144,985
474,631
312,569
9,797
224,456
148,875
485,497
449,803
652,674
5,826
149,282
407,577
11,577
300,451
30,590
319,464
351,682
282,582
309,685
240,585
405,918
353,462
308,985
270,693
158,223
242,631
297,338
118,824
219,647
585,970
618,918
179,282
139,654
419,937
501,747
21,110
592,865
96,698
523,765
16,934
506,532
318,518
404,521
32,124
235,712
768,983
21,231
293,424
279,526
339,540
499,529
256,771
471,696
383,583
204,352
42,290
503,648
742,930
888,984
659,932
351,816
403,417
702,750
110,838
232,306
154,652
723,809
19,198
230,647
851,994
101,496
362,537
386,894
31,437
347,414
72,209
256,784
765,890
443,876
779,825
8,719
28,368
575,766
47,381
69,140
258,830
327,435
506,666
387,715
170,717
146,360
491,543
601,940
568,763
14,96
487,545
151,330
1,800
241,489
108,899
58,553
586,672
126,916
157,266
459,833
841,898
46,435
352,441
376,835
44,96
651,774
147,975
155,607
53,559
78,94
778,963
19,682
695,965
509,546
8,264
206,508
32,621
156,687
431,626
766,845
353,972
488,608
667,839
120,212
567,672
653,675
746,903
226,379
314,980
4,266
704,906
69,395
487,908
523,565
74,510
454,731
215,449
159,325
725,965
375,852
315,572
609,790
48,457
474,565
18,285
284,441
561,978
836,917
197,701
291,565
236,629
871,911
153,860
48,578
345,572
9,852
410,930
606,613
330,678
289,640
803,861
80,237
646,914
16,747
214,237
47,60
81,876
26,940
838,855
258,280
139,588
59,565
625,976
45,401
620,632
418,912
666,748
289,761
41,696
108,457
803,982
89,178
321,750
178,930
57,411
134,860
595,989
37,698
158,170
784,861
233,987
159,809
849,990
907,931
510,743
340,591
95,235
21,57
102,948
377,887
564,979
177,304
569,828
775,933
71,817
164,779
728,821
131,602
165,186
299,415
106,774
142,468
205,753
50,879
31,600
407,887
264,313
219,836
90,951
88,353
181,315
695,765
179,242
601,874
807,942
399,888
196,825
96,887
232,253
8,774
89,433
23,79
93,552
43,960
915,926
285,493
395,890
73,839
274,600
718,762
630,649
709,942
635,993
43,852
514,703
588,652
450,947
32,205
252,437
73,731
207,960
802,877
408,721
345,372
603,896
773,819
682,960
580,949
855,888
285,506
436,904
109,546
568,831
29,257
195,963
157,442
382,789
19,737
795,958
239,740
5,573
170,906
371,896
192,665
109,896
183,616
348,912
155,783
76,224
175,203
378,791
452,740
746,958
364,627
267,960
556,834
561,912
257,915
477,689
76,345
356,399
92,555
37,619
135,925
284,496
674,910
132,627
500,794
445,858
98,225
442,789
631,725
829,969
149,981
377,579
877,902
206,697
316,340
333,509
613,792
477,931
7,753
310,525
590,808
282,692
37,861
161,402
59,391
391,864
671,918
96,687
349,867
891,921
541,808
431,936
140,235
2,759
530,915
222,762
98,238
227,877
824,867
143,883
905,977
569,991
729,980
627,969
580,628
167,230
20,705
54,289
196,638
11,821
396,403
93,136
203,533
309,929
276,752
6,891
620,821
191,415
499,531
206,952
457,534
264,368
145,942
148,193
277,832
492,757
860,924
544,947
142,644
469,773
62,126
900,996
765,771
56,311
635,927
709,876
57,950
179,418
695,712
299,483
612,714
178,193
119,781
260,491
554,709
545,660
556,755
422,940
78,901
408,776
260,383
278,666
429,835
281,671
179,660
98,735
104,257
381,794
581,596
419,497
806,943
424,841
500,607
579,900
813,838
145,379
904,956
12,789
428,438
311,856
584,951
61,910
498,911
181,975
776,892
982,997
13,381
794,946
725,846
931,951
535,951
857,965
34,669
301,784
378,738
229,615
187,618
435,454
371,964
445,913
32,515
25,327
627,661
246,969
521,908
249,449
194,513
488,731
268,462
138,618
382,978
96,621
247,790
421,677
660,959
51,878
896,970
467,564
431,870
394,988
870,917
326,790
340,459
6,354
14,932
191,336
449,631
261,580
109,977
847,906
236,752
26,942
141,929
29,459
782,925
106,413
386,696
606,965
262,926
224,634
845,981
320,342
344,699
435,817
89,180
283,460
668,796
43,478
731,852
20,760
395,637
18,650
95,116
193,422
50,639
64,537
394,412
526,568
292,401
844,914
627,916
365,879
198,473
15,766
824,935
161,591
64,658
430,981
69,773
559,637
522,984
701,986
107,247
365,771
659,989
43,720
24,478
511,825
60,135
610,804
403,474
754,997
913,990
66,825
630,638
162,304
249,946
524,656
381,836
188,707
515,836
150,186
922,931
941,944
39,318
20,76
839,933
52,782
28,196
165,430
60,148
612,890
216,890
426,471
276,941
642,998
427,844
540,721
719,723
20,197
591,952
443,825
102,495
83,253
198,728
46,600
463,888
155,543
12,723
540,842
42,602
267,949
52,795
126,744
387,785
187,431
115,851
99,318
101,916
68,739
40,677
353,908
356,388
452,621
773,942
355,954
23,215
225,844
299,793
261,501
54,962
305,544
692,724
86,914
81,570
153,446
414,716
161,270
144,626
586,971
498,858
652,773
418,606
36,275
509,724
382,683
514,839
252,573
558,616
98,106
320,973
292,911
414,608
39,465
534,673
382,804
137,973
178,745
66,275
16,454
117,506
342,853
103,342
884,907
433,971
216,219
254,511
562,627
395,450
694,746
138,565
160,583
51,825
238,917
140,345
85,409
539,616
126,181
81,933
318,617
783,976
731,786
260,935
750,799
483,684
810,850
20,694
537,920
638,743
60,766
168,528
44,758
33,340
420,520
186,353
263,573
53,992
906,908
115,409
106,589
207,412
293,415
100,286
358,810
279,517
243,594
210,646
210,417
146,927
605,687
278,292
407,702
122,947
125,989
328,823
730,803
446,815
317,930
158,348
237,641
176,402
448,824
200,759
406,598
277,713
15,713
414,984
450,641
54,412
140,600
575,757
470,475
608,705
165,364
280,351
371,469
524,711
161,659
684,700
188,762
95,305
485,985
53,308
218,375
746,760
300,710
575,649
387,827
547,816
82,716
371,590
1,791
596,937
128,603
381,783
35,146
2,198
48,85
512,714
23,257
484,652
608,947
267,883
630,706
52,729
74,488
506,670
514,760
332,783
220,313
679,827
321,365
142,888
813,827
147,966
670,778
224,957
554,832
287,488
667,709
311,845
378,606
512,606
639,647
9,480
47,506
556,649
418,419
57,965
421,424
285,563
238,488
174,961
609,660
177,966
72,684
540,789
94,968
567,663
111,383
162,843
551,655
262,552
418,540
248,388
63,837
63,608
252,507
197,571
147,979
403,905
164,394
274,791
389,778
222,335
42,670
424,735
938,956
210,217
982,999
132,563
25,208
145,502
389,899
62,504
26,810
530,609
595,967
72,697
768,895
295,971
396,794
430,607
616,797
13,733
431,980
467,674
71,445
926,959
838,846
86,982
461,859
10,169
125,910
557,567
180,617
400,620
245,746
336,864
759,967
919,956
129,800
248,751
91,279
430,499
291,569
516,687
249,572
391,921
143,590
93,998
757,978
182,289
467,687
338,802
761,868
268,706
216,287
109,161
4,633
694,814
399,637
816,925
448,529
613,862
527,822
370,875
392,634
170,521
914,975
740,822
3,529
8,644
75,405
333,929
302,596
173,711
30,891
360,537
103,881
387,411
29,703
103,652
731,975
147,658
515,825
694,827
515,596
260,306
31,483
485,690
130,233
30,783
281,365
337,940
406,545
280,406
557,943
717,932
180,993
115,598
192,293
235,663
54,588
183,473
656,693
348,540
255,349
279,706
12,591
325,822
503,828
374,943
500,530
276,822
288,647
150,417
485,932
526,704
168,959
383,655
355,822
66,719
468,699
382,430
198,609
368,532
445,715
25,129
510,881
496,946
716,720
683,772
108,837
457,954
512,661
419,433
556,704
401,830
198,730
234,424
32,438
49,378
114,736
260,790
175,194
218,564
70,437
503,962
317,543
662,726
247,484
637,898
260,911
12,846
461,672
208,263
120,379
340,382
47,803
556,946
231,395
215,387
349,616
574,734
522,544
613,662
73,977
384,610
117,495
310,395
411,447
254,500
199,564
259,844
42,846
369,975
229,672
303,621
165,916
426,728
44,397
835,896
338,615
453,565
30,462
549,798
24,159
70,800
326,726
97,637
97,408
311,337
476,670
808,914
379,508
516,742
106,349
171,744
270,686
517,563
285,994
30,704
659,683
98,350
497,621
304,455
54,280
592,858
129,868
265,463
638,974
127,529
121,455
165,232
483,578
202,299
559,802
729,984
503,641
341,350
217,809
464,686
615,818
983,985
95,294
279,640
265,705
559,923
666,820
303,997
177,592
397,632
261,1000
171,289
696,928
360,713
74,127
142,756
1,780
51,372
183,528
251,699
110,723
466,587
27,954
443,869
154,766
407,946
190,423
80,551
695,824
137,533
54,535
721,998
587,769
58,425
314,610
360,955
360,726
566,831
225,538
404,769
593,705
40,721
210,903
438,767
519,611
560,649
197,560
123,382
155,829
26,449
218,619
130,772
56,557
6,211
190,557
369,788
570,778
778,956
179,893
382,727
321,488
271,896
288,836
852,878
458,722
494,675
306,853
801,832
391,668
336,732
143,337
373,799
266,673
271,788
412,498
389,780
12,793
394,858
48,450
713,840
279,319
391,560
308,791
253,855
454,845
36,103
297,373
206,743
63,960
473,858
753,912
417,963
85,224
150,619
272,316
141,799
810,894
232,917
378,971
20,509
512,971
59,437
653,681
116,742
152,399
726,900
363,848
201,786
368,963
22,289
10,989
863,905
285,928
13,506
333,447
66,332
577,807
477,869
604,910
483,620
101,289
455,558
553,864
28,979
331,751
330,792
96,625
555,910
233,859
168,235
701,735
140,402
632,864
700,739
645,803
106,525
188,335
155,158
102,820
380,505
275,748
204,279
66,574
233,751
112,461
404,569
221,633
823,967
288,394
534,864
174,292
449,985
160,882
757,872
416,579
89,184
443,682
319,875
252,885
742,978
319,646
286,469
731,856
189,536
139,944
170,294
763,808
23,998
50,872
702,798
578,762
619,763
471,636
624,878
316,762
319,767
47,308
272,692
673,999
282,885
123,303
226,990
334,523
124,942
499,819
298,829
416,821
619,655
435,834
302,948
369,480
742,991
263,993
244,485
450,590
104,182
238,411
155,642
389,580
7,249
559,991
807,827
655,699
311,889
218,432
209,878
388,880
140,778
314,665
11,893
346,883
602,809
368,642
308,362
132,365
373,491
235,786
909,996
259,591
149,719
429,773
341,889
470,545
533,830
607,779
132,257
426,475
156,614
271,830
145,196
155,655
802,991
174,668
301,709
438,943
149,840
144,496
295,894
6,37
88,601
341,781
19,501
528,607
159,252
534,543
331,443
410,736
498,620
19,851
27,446
145,438
169,795
458,669
236,556
530,774
57,325
7,504
103,212
829,841
295,907
19,972
270,325
13,669
113,378
206,569
627,828
159,494
472,725
356,513
634,723
410,978
50,443
325,382
13,790
46,738
519,921
407,451
35,808
324,682
687,734
2,631
131,516
120,623
189,228
128,218
207,511
372,844
437,744
210,287
13,682
393,674
852,959
26,880
29,397
101,236
441,570
105,621
840,841
129,978
143,647
270,459
220,867
57,580
98,352
571,801
46,162
268,763
249,521
414,854
56,880
191,516
397,621
522,801
300,688
444,881
225,285
326,862
620,814
694,763
427,648
284,865
210,650
110,712
22,599
8,701
130,169
687,989
415,530
225,406
15,825
244,419
175,814
271,522
758,869
474,881
68,193
730,807
312,819
301,401
592,873
633,874
94,825
341,702
286,766
360,715
281,422
294,361
506,540
392,704
404,758
615,941
417,468
403,533
205,814
62,240
609,638
246,586
633,766
624,946
33,707
709,990
47,376
46,417
280,355
612,828
18,843
348,718
136,310
366,772
166,189
470,600
390,836
101,733
133,951
310,318
774,947
48,89
72,675
125,538
727,872
336,721
229,366
148,670
181,618
43,913
65,672
841,893
390,957
500,600
87,956
16,487
85,92
40,844
217,248
664,708
623,670
447,710
213,543
190,559
484,777
214,916
465,498
405,484
625,716
126,803
349,552
896,950
5,513
170,846
426,543
436,965
329,839
26,801
241,726
683,842
191,905
20,498
231,681
284,544
178,562
90,678
35,742
43,337
287,963
15,275
199,850
218,863
488,495
59,318
603,970
336,855
165,973
500,963
118,632
233,619
720,737
85,226
169,863
29,331
631,665
180,729
914,953
331,632
138,503
456,812
294,750
77,227
411,517
796,853
111,750
188,445
50,740
859,909
759,971
220,922
165,986
89,173
388,735
71,570
912,920
65,230
92,629
534,974
652,966
485,560
545,574
144,230
613,974
164,882
107,348
439,858
392,746
411,759
4,866
18,535
568,679
243,882
143,944
624,988
127,707
130,224
233,874
16,876
392,638
1,716
837,988
510,630
307,759
224,761
17,697
177,420
154,931
457,474
233,995
214,716
52,654
192,405
15,772
610,689
529,993
928,998
389,461
751,813
11,774
47,431
74,305
368,523
373,601
225,474
13,66
12,595
58,482
144,485
228,893
434,998
181,781
160,200
285,609
147,904
35,434
702,934
466,657
194,198
180,300
39,324
144,377
452,493
498,609
778,892
258,893
473,781
598,961
646,709
49,490
472,593
467,478
324,429
76,327
15,88
350,832
80,971
171,372
97,157
396,719
65,848
238,547
21,778
217,424
81,563
769,937
158,783
521,606
9,660
561,907
456,625
11,211
389,837
136,620
217,316
659,661
898,943
29,265
875,959
56,627
345,501
138,437
418,720
41,504
113,609
789,892
935,946
357,969
123,802
90,625
361,859
669,975
534,787
19,866
96,561
421,846
25,617
16,797
85,402
319,340
24,392
406,457
48,749
203,394
461,918
57,340
483,677
287,802
199,918
82,104
6,523
128,220
565,975
768,846
97,641
518,671
611,862
504,507
495,916
266,864
508,626
733,744
566,567
180,797
37,748
307,572
675,739
787,980
9,915
293,408
298,523
509,972
352,988
219,644
566,688
227,993
342,980
120,867
199,931
166,983
345,985
381,642
340,641
96,924
228,814
484,511
195,408
267,513
558,985
594,642
126,537
286,526
506,529
79,233
165,236
552,645
422,801
4,813
212,991
615,701
97,775
64,598
8,932
770,989
223,362
696,811
379,875
126,658
52,480
846,984
923,975
246,467
320,416
3,709
94,827
226,229
663,755
214,663
561,707
253,362
206,250
194,950
117,178
177,717
347,640
130,642
39,258
70,362
185,312
971,992
135,491
281,545
396,532
253,712
492,994
244,892
679,820
491,769
238,360
535,812
191,773
526,763
457,892
383,714
23,142
322,704
162,486
594,897
148,551
156,900
285,785
252,379
931,933
554,946
210,907
424,836
369,900
264,618
226,363
331,379
551,648
630,712
46,661
588,715
390,959
560,653
169,731
711,785
609,774
375,607
862,954
175,253
221,369
603,959
639,653
732,844
201,656
280,949
373,911
607,849
169,852
7,790
296,435
769,884
301,779
447,833
378,962
548,619
405,836
787,901
245,618
759,839
745,904
270,382
201,548
13,726
173,449
390,972
725,962
577,798
692,785
444,683
48,454
223,980
653,793
207,218
143,691
878,911
169,865
217,384
141,803
650,909
680,788
23,518
418,788
523,575
192,970
398,809
90,693
291,683
286,339
376,498
636,866
185,701
83,919
78,575
60,935
89,175
44,927
136,771
66,457
38,624
673,869
585,793
640,692
879,974
282,755
409,796
271,337
180,744
59,683
694,928
124,812
757,984
471,627
228,640
99,755
80,476
61,234
176,450
333,693
608,632
112,694
76,771
93,186
24,352
371,396
288,627
59,804
69,997
196,809
213,224
526,684
89,417
550,812
591,813
489,573
286,702
714,920
557,936
194,884
385,415
524,759
87,758
142,465
6,833
4,760
12,584
532,879
311,651
443,807
897,977
9,286
97,133
489,694
217,989
594,710
547,864
492,699
10,430
30,79
329,412
174,538
375,528
22,898
517,877
176,584
66,712
341,651
327,487
161,949
68,492
48,254
91,890
433,590
809,877
52,669
346,887
84,887
387,659
528,598
131,144
134,186
399,898
672,993
146,654
211,554
123,441
217,305
604,714
475,600
554,893
361,498
180,423
171,603
424,783
658,721
537,660
487,839
743,765
616,724
662,840
569,612
51,686
390,906
123,791
651,947
766,897
62,552
461,786
650,722
655,837
312,434
644,907
451,778
341,906
556,831
542,896
46,729
439,660
595,907
282,447
428,501
56,858
556,952
349,622
280,788
197,982
852,950
136,743
810,953
411,453
567,966
73,394
842,905
207,394
312,447
308,971
325,386
261,630
266,974
674,799
536,569
486,977
462,620
544,918
208,740
170,219
450,502
6,525
653,861
262,976
279,391
224,455
210,520
215,635
330,622
256,636
94,345
61,168
379,743
525,797
117,743
342,861
612,685
610,612
634,969
152,700
129,982
89,351
605,682
13,807
527,991
107,405
398,877
88,163
341,343
351,802
208,982
712,744
151,182
63,335
736,872
524,693
87,463
620,926
441,695
754,926
191,520
113,866
388,805
118,944
626,862
478,698
510,687
455,751
54,407
40,472
927,975
256,770
132,1000
383,582
146,346
122,955
423,883
230,754
161,654
138,936
397,867
526,752
172,254
56,308
102,424
231,309
76,960
327,542
492,875
676,696
266,532
271,647
82,482
311,948
567,645
199,249
429,711
267,878
528,653
822,871
294,486
189,958
626,996
846,999
524,948
44,82
123,375
86,722
260,609
199,599
125,421
534,589
231,322
616,658
206,494
35,383
250,308
582,781
697,768
221,250
400,481
143,330
91,140
371,948
660,822
541,605
546,720
986,992
582,902
494,789
86,735
222,330
466,956
153,496
204,727
116,843
185,448
226,486
424,730
727,768
138,373
671,836
308,784
143,451
19,681
63,724
412,612
114,918
444,793
494,910
301,781
180,720
460,774
212,443
234,956
611,677
192,730
173,451
121,261
169,975
71,440
425,672
310,456
139,803
72,813
502,626
106,397
240,626
565,682
465,744
143,693
191,212
220,913
242,672
113,787
16,854
747,844
38,384
76,639
19,105
186,511
258,387
590,860
689,839
381,457
446,623
528,921
784,847
421,795
28,46
379,798
117,798
617,855
708,973
83,921
64,413
504,914
858,917
624,750
108,456
696,855
178,929
599,922
76,881
258,629
43,704
626,796
10,298
199,988
598,697
617,747
51,70
381,699
548,876
381,470
9,864
110,650
449,870
8,868
757,986
605,629
393,975
388,631
9,46
28,59
107,352
781,791
318,801
109,398
235,537
106,652
155,514
21,285
735,860
513,747
312,757
614,799
265,645
70,177
302,712
369,473
305,983
234,285
280,401
612,874
211,530
141,471
12,357
256,946
58,473
256,717
691,874
443,809
179,470
874,995
510,984
371,411
6,956
469,946
207,946
109,411
153,417
53,479
499,825
600,648
70,419
586,713
806,982
278,597
80,841
572,815
42,357
603,653
682,946
14,258
387,769
318,935
338,355
697,931
210,843
172,551
779,1000
70,540
792,939
429,887
506,841
621,828
786,895
390,895
348,669
241,543
7,376
375,543
306,672
774,777
452,726
37,484
350,715
267,946
124,372
671,770
965,988
368,769
98,908
220,605
274,841
475,831
17,956
259,718
460,479
18,97
19,965
303,495
143,277
220,726
160,446
90,616
57,439
255,720
136,503
447,890
221,318
207,383
658,844
78,269
206,683
835,891
434,547
145,444
52,216
291,498
544,678
76,344
337,614
318,372
230,259
796,899
133,326
652,891
191,267
349,853
434,439
379,503
673,684
241,798
263,557
571,673
419,804
312,678
358,794
905,963
946,964
27,694
187,683
8,452
300,331
236,804
241,919
227,984
419,925
262,978
399,458
215,637
256,638
22,471
844,845
682,746
117,745
19,173
464,560
309,686
629,856
689,907
226,917
367,627
279,743
779,800
3,350
250,981
527,764
406,703
239,297
538,859
48,766
180,922
441,697
279,635
471,805
237,638
77,420
572,628
536,934
181,477
709,862
814,915
272,861
272,632
318,748
134,927
626,864
194,941
791,931
496,754
615,705
339,541
325,643
256,772
825,929
154,761
503,878
186,713
621,641
337,882
478,592
25,58
307,939
260,598
81,138
405,464
4,120
616,647
487,762
170,826
607,827
8,10
63,471
197,434
11,15
40,487
169,372
7,539
639,752
295,713
121,826
451,701
138,241
828,947
55,206
827,988
113,184
178,313
357,544
183,657
128,721
475,765
526,767
484,770
938,940
14,555
478,955
206,496
467,537
104,485
384,768
174,958
172,619
111,609
135,737
126,917
514,999
335,502
238,835
516,550
466,958
70,958
144,907
175,257
116,845
121,960
50,262
564,712
215,329
5,748
8,265
720,730
197,689
458,959
219,448
203,440
497,658
282,504
70,850
340,445
405,840
50,612
418,779
397,427
701,838
431,977
346,381
134,727
631,779
166,679
419,859
116,858
3,392
550,790
118,867
233,625
489,551
324,972
61,104
272,553
38,386
269,807
230,556
170,276
796,967
694,919
553,980
430,846
845,859
110,410
696,736
71,684
76,762
659,854
406,408
906,960
510,731
565,926
339,354
77,583
471,739
196,571
283,688
302,701
283,459
178,931
214,588
682,693
401,451
148,234
184,682
62,985
879,978
161,698
290,354
422,739
212,929
69,880
86,295
108,808
99,759
737,750
102,239
322,508
107,583
731,972
805,921
515,822
114,478
169,414
119,822
513,749
8,762
278,357
305,985
38,641
198,593
258,644
681,747
423,940
87,991
703,994
482,766
535,629
339,717
531,924
182,770
378,416
677,978
42,467
135,658
83,239
38,991
93,661
654,994
552,946
90,363
255,696
117,237
702,927
67,416
177,776
77,838
619,892
144,599
512,766
364,602
345,360
200,945
723,986
229,414
84,999
275,301
41,134
579,941
491,828
665,715
119,956
568,819
664,756
134,298
586,836
314,902
80,735
181,787
167,889
289,320
514,704
49,604
780,823
412,427
744,900
236,430
568,940
755,766
268,382
741,831
106,320
892,1000
312,425
331,438
267,948
432,490
98,910
159,597
753,841
101,915
431,790
359,887
176,951
787,839
685,828
382,790
509,831
357,733
389,951
296,723
199,790
125,612
686,908
350,959
551,949
119,272
542,900
456,860
46,962
349,734
154,266
159,610
319,333
563,959
599,616
365,449
277,565
342,960
287,795
142,377
534,901
193,342
437,968
201,728
724,732
206,806
407,796
631,955
318,495
20,801
304,331
161,282
67,95
14,757
201,849
22,581
545,622
108,621
113,736
509,965
949,971
434,791
214,522
319,575
434,562
140,344
425,971
489,498
93,232
819,898
131,524
497,847
942,968
634,852
479,978
243,930
69,814
320,396
537,919
215,868
41,981
471,565
252,935
379,976
599,979
131,645
103,812
590,930
188,398
193,705
532,925
358,809
86,350
480,506
53,173
270,696
388,917
319,817
365,933
337,871
280,337
189,707
920,926
464,912
15,591
381,648
2,63
600,692
242,984
641,989
594,877
420,990
33,352
368,571
547,573
354,407
59,755
515,769
274,414
895,990
628,646
707,939
378,471
6,74
332,769
304,936
786,939
104,124
329,471
64,954
100,648
482,713
633,882
350,530
883,993
69,251
406,839
151,549
660,692
560,754
598,780
362,769
35,374
70,597
295,944
283,890
792,996
140,841
470,716
542,821
253,718
349,426
321,593
478,836
192,479
156,785
436,839
141,662
263,359
158,831
232,780
755,821
433,770
306,729
774,834
37,312
363,711
583,714
877,932
60,444
560,767
274,898
217,364
898,991
136,439
172,850
103,262
37,662
419,727
553,727
570,896
31,93
165,847
25,544
752,829
120,552
120,323
562,668
254,552
405,950
223,973
111,503
757,843
523,676
108,434
182,383
643,778
5,750
481,679
525,722
296,899
48,568
125,788
161,445
548,625
367,550
726,897
196,439
476,722
13,732
476,493
646,904
645,679
631,781
620,622
193,289
564,956
388,501
85,692
195,335
613,848
332,569
678,977
544,748
87,509
362,448
518,961
91,399
344,579
784,851
462,571
374,687
47,292
107,343
57,751
291,689
40,289
680,915
96,864
654,862
165,176
785,793
749,870
243,998
358,985
702,795
62,169
394,642
705,800
204,518
402,762
374,929
718,739
608,867
157,177
167,636
179,461
235,770
703,875
615,991
867,983
237,587
149,703
149,474
407,998
115,826
13,290
54,816
348,539
554,873
628,822
34,349
691,878
570,588
546,645
351,406
862,881
378,768
438,819
88,706
415,835
423,955
101,904
407,422
252,548
766,769
582,948
324,424
17,947
48,260
719,953
526,824
70,544
553,661
446,535
878,946
167,891
368,881
270,309
55,384
179,716
373,959
239,730
390,899
274,953
843,881
447,881
829,946
672,999
152,209
179,837
32,558
291,489
320,961
222,389
153,555
620,664
570,843
470,905
690,908
41,499
657,731
393,658
458,787
199,792
6,626
606,658
124,389
303,620
13,558
462,613
750,787
125,964
652,895
456,983
354,972
3,220
893,957
122,585
216,220
78,744
330,965
265,341
158,215
569,752
415,514
131,755
2,641
566,683
81,934
84,680
98,578
299,339
5,121
43,413
777,903
818,904
193,357
41,983
75,567
209,567
118,937
756,965
522,798
47,239
874,920
626,855
700,804
122,827
194,932
290,411
105,860
12,403
807,866
504,865
110,709
297,801
779,804
378,460
911,960
154,752
457,524
28,347
52,704
828,925
322,336
869,963
167,462
220,288
505,686
472,509
288,688
123,355
510,801
128,699
427,766
77,653
378,581
402,938
448,825
225,524
712,871
376,922
257,476
582,761
790,939
35,134
241,468
114,427
499,763
688,699
8,940
350,640
85,894
410,425
281,540
55,197
239,543
338,522
213,527
414,517
204,707
672,812
584,699
405,468
262,419
635,930
382,713
676,931
258,943
454,589
338,643
362,1000
252,374
76,148
600,828
498,780
792,998
121,830
36,197
406,962
588,710
357,777
128,954
632,716
67,715
309,477
595,605
667,710
452,785
326,417
451,597
597,651
676,944
146,715
514,882
269,785
315,901
659,711
103,264
20,495
87,256
161,205
18,385
294,734
321,837
27,390
25,546
11,382
178,559
66,89
95,790
530,947
585,654
37,785
364,914
6,452
606,713
187,500
51,868
522,719
302,450
104,731
412,847
219,681
123,973
107,211
393,605
81,976
76,632
291,557
19,98
404,434
175,611
689,832
414,664
161,218
460,780
671,963
430,608
261,799
75,151
333,675
164,866
634,788
18,519
243,866
485,665
416,794
256,576
335,869
770,797
80,350
720,976
52,517
131,810
420,684
439,963
544,979
613,850
337,686
851,907
376,614
193,412
141,222
638,799
61,458
44,814
102,230
71,688
164,879
547,617
328,987
161,810
202,353
441,635
50,979
17,802
158,512
399,638
20,53
481,936
176,566
517,630
176,337
57,874
93,302
511,815
406,533
128,525
260,415
177,417
168,826
489,918
635,743
547,859
244,592
137,466
906,977
285,364
758,813
276,810
82,530
438,808
25,935
11,1000
300,874
23,71
478,880
459,638
698,920
290,829
133,882
697,924
205,987
477,655
526,813
466,533
157,192
957,999
910,924
294,426
772,990
156,721
655,819
254,475
581,641
245,655
498,606
360,901
506,955
393,526
252,550
577,606
530,760
623,722
12,834
194,316
180,418
1,150
322,996
570,832
143,499
239,732
514,708
151,619
109,888
720,776
90,380
389,942
7,611
351,421
337,486
222,270
350,950
17,252
616,840
5,915
302,384
519,907
178,843
766,784
100,960
351,542
184,365
67,783
103,440
590,787
240,674
529,548
312,550
564,771
531,594
173,620
228,327
164,571
567,961
400,555
289,687
330,725
476,779
130,142
71,730
324,910
585,951
179,263
236,797
76,579
626,723
203,391
115,507
268,749
837,906
474,854
694,857
408,500
224,679
647,782
129,856
738,900
429,559
38,674
580,728
198,397
659,792
511,628
750,910
189,348
562,859
188,389
246,330
564,905
130,155
387,454
208,977
371,446
736,867
386,983
288,448
496,626
386,754
289,821
724,749
677,903
200,749
195,405
468,500
148,293
253,346
406,588
538,744
1,768
343,505
515,989
16,110
269,290
436,467
675,978
7,290
301,508
31,647
289,942
886,932
550,983
278,295
575,747
167,693
621,634
786,930
593,801
598,879
1,660
802,911
721,986
251,808
36,883
466,467
746,750
39,134
405,457
135,596
424,470
478,935
637,699
2,188
296,406
246,585
270,942
452,653
672,693
551,632
176,526
33,706
41,301
201,290
566,940
189,953
170,711
440,535
32,481
49,650
30,142
67,704
223,951
405,699
56,545
264,494
575,881
449,476
36,78
528,769
519,720
766,826
7,545
475,650
241,483
282,484
199,715
452,895
20,255
345,540
551,645
64,261
224,250
358,479
382,836
28,604
382,607
24,899
108,304
250,653
744,959
114,792
544,605
131,207
112,194
26,679
590,721
576,823
70,722
328,492
378,838
859,882
105,191
248,728
91,256
215,551
982,989
49,784
123,733
472,887
214,326
145,492
365,495
530,828
141,787
227,790
122,508
175,371
529,603
188,310
152,387
391,669
363,836
256,444
662,903
462,549
541,842
285,916
80,218
141,908
497,772
824,901
736,788
543,659
254,785
37,787
322,956
358,613
638,896
108,438
319,621
346,495
318,662
34,903
72,929
180,728
268,575
636,742
548,629
191,328
96,734
397,433
154,675
195,447
668,896
370,973
571,963
318,554
631,785
180,849
474,801
381,573
147,406
740,920
666,742
200,683
539,903
613,852
483,742
474,922
288,503
64,758
652,965
738,968
17,454
624,866
443,791
825,856
300,742
16,983
272,909
189,645
257,520
8,984
663,915
135,301
267,457
126,481
38,634
800,920
211,525
717,922
18,884
114,363
191,812
540,700
591,702
56,129
489,920
52,882
214,715
448,882
57,997
387,872
676,746
552,710
500,520
376,750
49,355
307,879
71,114
389,689
482,880
848,974
347,463
457,823
126,952
864,918
621,931
681,982
46,471
170,766
261,359
156,831
371,756
299,651
113,232
145,184
790,888
254,356
677,984
429,882
52,895
332,949
748,864
607,888
593,990
13,415
445,826
247,353
211,659
480,820
287,654
581,872
177,782
180,528
328,426
378,772
37,479
372,469
97,264
107,723
363,649
354,600
338,592
35,554
57,313
301,939
512,893
364,729
553,665
195,957
363,541
60,732
242,251
271,952
238,775
186,319
2,498
577,729
384,600
31,970
72,971
567,950
754,776
193,214
243,560
31,152
17,254
46,726
154,259
398,619
255,836
764,942
131,275
296,608
483,663
400,665
42,957
345,729
251,542
504,722
289,568
407,789
51,925
49,852
398,740
167,319
38,434
136,740
442,783
516,732
221,555
634,724
307,329
157,799
229,904
647,663
298,509
289,689
333,732
756,835
508,733
131,746
346,671
323,687
194,573
469,512
288,437
68,168
367,501
193,348
435,864
490,571
118,928
484,497
305,791
150,917
57,689
217,678
673,921
170,337
156,402
207,633
735,789
724,859
435,756
383,566
770,975
677,784
591,744
448,695
38,568
65,176
276,625
128,461
21,106
224,694
485,735
677,905
168,533
317,333
281,410
698,964
749,929
339,765
227,295
416,985
116,464
262,518
542,572
327,418
115,993
500,575
409,982
371,690
790,822
72,542
36,67
5,488
478,937
500,696
445,760
758,991
59,990
771,930
353,942
375,472
554,703
429,937
295,708
220,534
786,945
546,704
655,876
433,763
498,892
129,537
220,655
294,604
748,811
137,886
426,760
101,963
216,950
596,942
398,432
57,368
67,598
650,653
507,604
672,937
350,886
514,994
662,892
555,766
560,881
467,653
233,486
123,843
379,540
52,145
370,720
175,252
87,368
875,892
37,547
584,945
205,360
229,488
454,835
393,825
85,443
384,776
544,728
272,306
153,843
240,731
787,900
110,392
335,739
261,561
159,779
627,884
706,948
33,145
544,849
819,825
48,682
120,558
109,140
31,220
757,849
192,848
123,977
300,610
580,664
282,741
230,551
404,438
464,489
230,322
235,629
636,973
166,795
215,916
148,926
509,905
283,333
252,983
233,741
291,682
203,798
29,682
805,903
392,505
120,800
464,610
230,443
156,228
422,613
59,561
119,575
99,862
44,926
262,331
448,521
203,690
533,565
791,860
832,861
818,963
40,403
315,342
86,519
191,572
723,847
635,734
148,350
749,984
7,347
86,640
614,796
3,642
72,247
200,927
448,763
396,573
363,396
654,868
275,283
10,766
337,932
538,922
299,411
598,936
357,581
661,992
494,586
48,240
595,638
227,242
53,355
172,306
457,933
311,650
111,296
28,298
695,990
148,363
621,812
528,584
514,686
426,573
63,521
255,462
12,704
848,976
70,645
760,863
433,468
773,802
649,766
561,882
124,127
98,892
459,871
90,250
106,194
534,641
41,479
330,353
294,430
150,651
458,538
494,949
972,988
222,261
29,132
218,785
149,951
326,355
264,672
762,885
799,952
577,839
16,543
291,482
370,775
324,430
67,774
494,841
655,944
18,323
42,717
162,782
182,431
228,318
7,615
956,993
105,369
509,718
154,490
13,551
486,963
286,380
544,904
342,955
189,218
133,323
212,616
224,670
427,504
754,899
12,33
812,840
430,546
333,842
321,788
462,727
197,981
954,960
30,575
107,270
181,219
692,960
653,968
624,910
116,211
589,660
352,747
283,388
641,850
131,748
286,393
819,893
125,970
328,804
777,896
128,221
105,503
738,904
330,850
724,740
58,162
383,447
118,930
167,563
506,517
65,286
557,977
441,802
40,458
482,574
848,897
172,348
490,923
517,568
484,620
654,802
41,50
263,917
95,286
36,874
96,925
58,633
127,992
278,407
176,625
80,651
214,880
594,872
29,871
376,915
469,877
725,803
344,882
317,456
85,887
9,111
681,918
700,931
206,359
156,538
44,68
202,654
315,531
48,187
135,829
283,764
4,117
811,883
47,487
275,351
46,528
478,939
697,983
394,716
447,808
526,872
489,990
143,316
91,126
60,318
104,590
342,418
400,588
87,128
713,819
42,651
317,590
556,872
451,590
211,837
57,370
277,373
351,359
103,257
653,660
350,888
113,652
354,778
530,940
222,558
989,996
221,370
474,550
432,553
652,822
77,96
393,827
118,622
720,956
481,674
71,547
66,203
98,384
282,730
222,450
63,134
199,961
9,837
421,781
75,144
11,388
525,838
323,623
175,496
87,612
68,104
54,206
405,958
422,602
666,962
647,720
256,569
495,851
11,738
252,864
140,394
439,956
678,972
529,849
648,800
469,569
50,622
339,459
17,445
294,982
27,867
61,451
267,327
599,800
327,341
222,813
700,852
115,687
211,395
417,500
172,174
177,518
22,644
237,569
407,980
80,585
33,510
525,972
406,755
175,859
86,521
316,983
94,870
127,818
438,451
462,808
135,413
181,529
167,631
728,927
248,290
332,698
10,418
307,870
312,985
7,349
301,567
86,642
292,747
139,239
75,749
199,290
383,636
61,585
489,803
742,983
263,985
220,349
304,757
445,696
216,644
1,719
334,865
45,762
86,763
356,358
484,809
737,989
33,644
869,916
695,763
417,755
324,527
16,182
2,18
125,583
39,543
820,879
658,817
264,661
152,191
247,465
305,406
250,470
384,470
917,933
683,766
375,650
122,433
120,360
20,193
452,604
92,298
152,312
239,725
266,599
104,537
293,961
241,771
208,365
29,134
722,815
581,876
161,253
507,661
199,545
221,304
157,548
561,897
99,543
385,671
637,892
315,841
442,653
576,882
6,271
303,494
509,828
8,546
132,841
127,497
435,613
379,718
164,564
852,938
71,373
365,554
62,782
122,567
455,484
400,548
42,840
424,905
17,487
242,605
668,713
88,138
200,379
30,456
687,726
351,777
107,151
272,484
222,626
23,682
606,774
812,842
232,267
297,662
239,980
462,729
145,564
52,336
98,223
53,975
571,672
244,506
189,341
180,787
529,675
229,908
344,629
218,224
266,975
66,621
459,552
137,272
524,681
763,963
730,786
147,465
307,454
380,673
41,978
289,814
471,562
448,807
682,745
76,935
304,799
478,686
417,447
59,739
312,919
35,116
329,334
205,793
432,984
375,450
34,157
287,337
292,681
545,632
149,632
302,874
846,974
610,734
651,735
642,686
316,930
190,296
616,633
387,810
55,71
43,771
514,622
277,938
46,288
290,877
197,420
403,525
141,525
29,55
11,940
85,889
33,699
264,366
186,941
616,754
869,971
389,748
549,700
540,651
6,192
190,767
102,654
74,592
280,697
115,889
813,931
30,256
16,358
876,987
34,412
361,541
75,938
111,595
686,826
61,774
176,761
18,138
281,777
778,829
690,716
85,313
412,479
11,135
799,888
150,479
84,125
115,192
526,995
218,842
111,487
181,960
368,823
239,901
476,585
495,598
660,931
192,597
85,205
131,321
62,487
530,592
171,659
294,729
550,655
192,947
75,133
882,899
109,949
269,672
291,431
136,557
571,714
125,893
133,488
345,667
312,490
330,773
91,262
5,976
471,483
58,85
22,162
24,208
375,960
54,316
37,672
914,945
28,852
193,394
336,968
872,948
104,847
847,891
52,391
286,329
43,342
15,509
4,616
119,566
193,515
504,902
292,494
784,956
641,907
99,624
302,458
126,461
107,219
893,899
571,848
404,671
249,797
208,796
610,776
216,391
92,850
23,750
587,792
12,332
393,963
429,620
66,568
87,627
185,933
496,795
119,579
237,800
302,700
135,523
102,346
47,410
816,921
28,168
709,795
38,856
79,628
179,337
800,913
552,811
270,869
88,340
272,915
148,354
423,818
593,741
376,743
290,703
147,654
573,762
688,749
58,582
223,878
111,179
64,67
797,921
14,246
483,990
390,762
684,980
35,534
494,590
394,652
521,693
256,947
204,757
383,759
773,914
190,593
405,518
111,300
503,824
704,814
776,919
151,601
271,703
183,819
2,249
141,593
628,940
457,829
350,703
589,985
776,811
574,825
486,712
475,590
153,539
361,717
213,590
378,886
56,606
157,658
143,494
124,252
430,524
160,663
192,881
51,905
813,999
338,706
145,540
613,645
291,365
31,963
455,473
171,714
680,820
606,642
110,438
440,838
674,776
627,701
486,725
439,650
62,663
53,843
361,730
340,378
40,86
23,442
551,827
298,381
151,856
555,717
305,542
76,682
93,97
315,964
24,263
282,787
34,951
282,558
23,563
77,274
333,725
527,739
167,433
392,551
879,898
15,564
340,849
152,798
83,964
119,392
298,623
12,266
158,320
41,738
108,499
569,857
550,615
295,325
319,682
52,567
164,808
420,734
351,900
626,839
161,510
68,282
54,384
362,500
152,690
432,973
210,631
578,798
523,862
886,914
232,390
89,341
145,916
649,678
324,918
181,344
117,854
579,619
92,797
68,174
174,570
821,906
45,685
661,917
155,328
91,572
41,980
638,970
344,752
89,233
383,451
603,683
897,901
448,809
219,986
336,339
57,924
937,973
703,806
307,806
260,465
77,529
242,862
218,239
911,957
209,685
350,395
33,688
448,701
148,409
19,524
253,462
901,912
113,159
115,757
82,580
15,819
610,736
288,685
353,814
62,113
265,701
36,878
77,879
177,588
127,996
149,755
536,935
157,350
28,236
107,529
101,943
560,740
679,691
44,180
123,473
491,640
35,360
834,979
268,302
108,875
424,586
410,651
162,586
809,922
137,529
352,417
99,237
16,468
628,995
609,753
628,766
166,412
152,248
360,951
160,368
473,828
257,715
546,589
16,360
771,936
236,363
554,938
356,428
240,253
630,933
146,820
514,987
445,887
370,713
67,941
287,944
213,766
309,474
161,310
111,489
861,950
639,874
212,541
542,941
358,366
297,356
51,852
302,434
305,476
169,844
291,541
563,1000
370,605
361,785
567,890
74,957
50,371
74,728
110,385
94,377
412,723
197,798
599,778
420,547
453,495
571,716
810,998
244,321
414,769
56,795
606,939
331,734
9,720
162,962
265,380
289,737
344,444
490,498
316,611
238,957
439,947
35,857
585,772
659,721
53,911
488,839
270,616
399,501
154,670
333,672
374,673
448,622
186,622
626,665
156,221
823,950
648,683
601,608
7,98
196,788
42,321
333,793
66,449
319,629
921,963
310,809
645,799
122,758
636,979
648,804
601,958
694,920
293,576
895,910
432,920
377,984
246,501
399,743
286,802
76,992
14,114
492,907
29,917
313,447
160,168
10,409
698,783
469,923
161,578
23,873
399,864
246,393
237,802
108,688
825,972
140,869
484,679
112,807
454,507
10,530
249,812
142,686
510,853
749,869
582,692
36,933
122,182
434,979
69,292
52,648
229,281
267,573
57,992
142,807
832,988
390,643
238,515
1,831
62,289
480,802
499,815
34,227
342,343
366,700
311,764
713,744
37,232
302,944
635,861
170,990
459,864
203,938
201,340
423,941
123,649
238,636
290,826
44,127
2,359
67,754
7,474
70,530
493,633
438,697
92,289
584,751
129,585
74,649
418,459
239,716
899,991
439,518
692,698
563,813
26,837
76,200
260,775
442,523
326,348
570,937
644,886
470,770
69,426
344,365
506,952
330,467
674,765
533,826
151,724
25,356
99,305
574,598
541,650
362,944
582,947
103,424
144,950
218,670
80,965
23,431
262,942
12,13
542,767
77,142
662,832
27,321
150,886
145,313
291,367
318,470
134,649
122,558
488,652
395,424
548,666
18,437
243,555
845,889
256,265
269,958
687,717
439,652
40,906
365,437
838,886
337,604
65,145
72,858
289,563
75,82
431,912
236,902
93,99
511,612
810,945
97,743
40,209
293,389
427,618
159,840
319,792
148,156
239,274
502,684
763,954
400,902
212,851
680,956
284,727
297,666
27,805
517,669
140,453
508,620
365,800
599,738
170,561
65,279
373,395
82,448
524,564
648,859
395,679
205,784
199,215
108,622
569,980
70,101
369,397
145,918
594,744
217,794
220,274
538,849
285,403
216,569
367,967
293,523
740,983
210,754
638,972
154,859
61,631
300,684
336,341
497,969
552,639
174,464
471,916
223,814
176,739
66,867
391,398
79,806
98,819
115,988
700,924
13,223
610,967
515,878
64,942
623,640
821,921
210,996
320,639
273,298
4,110
897,916
336,354
533,639
660,680
445,755
156,652
379,401
307,821
494,876
623,761
227,532
122,250
609,634
380,811
347,634
20,239
190,650
556,973
322,806
284,285
50,118
456,769
542,809
165,822
248,591
519,825
505,927
51,491
1,899
403,650
306,717
89,948
125,642
116,593
50,239
368,814
583,702
184,993
187,473
27,255
491,884
250,529
351,352
180,470
39,494
59,180
162,830
102,550
36,196
607,951
720,828
104,596
217,473
136,548
669,782
175,247
130,999
713,825
162,951
358,597
14,787
657,893
762,946
187,715
646,1000
300,363
425,772
203,430
617,713
284,769
740,783
473,964
935,995
849,955
272,422
136,790
411,729
576,833
273,795
796,836
240,618
534,836
312,723
969,993
102,913
363,954
215,790
210,446
817,895
44,908
439,949
90,795
387,493
511,788
645,788
208,787
538,662
736,906
553,970
202,218
386,793
157,970
91,387
265,274
256,683
256,454
32,975
321,849
302,799
668,893
434,726
90,916
814,947
337,793
225,323
478,503
782,914
501,901
867,958
91,508
471,500
383,616
527,809
282,978
538,904
48,811
115,572
211,280
188,562
408,565
274,336
110,871
53,337
265,516
72,350
605,850
297,734
608,855
401,791
234,385
79,511
373,463
389,673
246,624
573,753
172,409
145,986
709,799
24,696
225,457
73,817
31,820
260,414
153,288
177,645
75,863
531,914
691,866
457,699
138,165
869,909
313,691
151,363
137,465
730,979
381,825
293,712
707,995
264,654
448,1000
341,874
690,762
55,251
354,813
681,979
11,181
257,651
945,988
329,756
67,756
117,119
581,977
526,812
273,366
400,407
534,636
245,533
102,713
102,484
704,818
322,753
431,659
852,918
131,367
136,482
260,777
991,996
141,826
278,831
179,825
743,867
748,982
435,485
178,600
362,946
112,246
356,606
328,544
278,952
479,713
80,967
280,998
454,885
660,990
209,300
51,909
197,963
159,708
632,891
136,724
750,883
249,372
667,885
264,909
73,146
914,991
36,493
74,785
96,544
32,788
520,542
112,259
115,264
648,727
116,903
386,727
207,496
513,539
432,614
289,565
168,504
333,837
497,945
356,969
277,447
543,832
101,221
782,848
23,796
334,429
721,838
7,34
303,850
647,660
449,904
210,393
379,845
258,555
165,327
645,735
125,965
101,342
326,955
381,625
133,560
119,625
661,679
224,678
119,396
633,846
485,719
462,735
74,101
84,560
698,948
373,397
505,553
142,501
340,745
367,848
496,733
334,442
848,892
75,676
784,907
259,268
186,692
888,964
599,861
19,286
258,568
566,684
450,738
124,982
821,910
210,756
306,464
443,964
209,797
111,225
261,987
360,929
85,761
547,792
423,985
25,158
408,862
48,61
58,749
443,856
135,703
952,962
402,818
61,525
28,348
616,747
24,872
404,864
304,926
247,392
469,993
412,459
381,880
35,243
205,920
282,349
614,859
347,744
669,758
306,706
452,760
182,936
140,939
231,303
635,918
179,638
129,292
896,922
165,474
271,870
546,809
49,528
252,362
114,886
442,459
232,649
397,982
180,230
223,829
168,893
185,308
124,298
243,249
795,991
523,532
170,939
65,657
206,367
385,598
711,768
315,539
139,313
713,814
190,773
878,881
864,983
110,255
77,78
62,480
318,406
669,892
452,894
92,588
548,602
116,716
368,937
201,531
583,596
211,953
192,711
228,368
701,817
472,994
257,840
403,894
7,894
750,938
590,720
48,437
34,539
347,999
175,249
307,368
372,534
518,817
220,894
335,615
500,948
266,781
137,896
209,247
434,594
414,881
395,602
455,653
183,194
367,540
641,779
439,830
893,1000
328,962
326,889
288,368
147,392
40,266
317,840
210,677
55,803
5,982
555,897
71,784
453,849
258,610
134,840
791,844
309,841
502,741
469,564
381,680
59,666
128,271
35,43
463,490
91,618
31,338
256,685
378,382
32,977
57,741
2,805
368,374
506,567
805,900
15,744
557,798
376,723
290,683
92,964
111,977
326,902
288,381
427,688
241,269
67,382
779,847
605,731
696,849
52,747
547,726
406,750
544,980
860,957
478,626
106,754
362,451
241,390
12,567
12,338
213,328
347,557
490,865
572,675
118,993
322,500
396,449
24,806
855,963
258,744
280,503
409,913
906,965
343,559
188,685
269,344
12,688
110,994
320,575
302,935
116,516
682,927
267,685
776,791
74,290
318,916
65,470
323,994
574,576
524,984
178,347
174,642
361,468
199,406
144,470
218,419
359,395
135,650
456,476
60,476
321,517
753,928
512,987
139,247
383,873
405,632
465,646
625,635
74,532
690,764
275,522
421,576
202,946
114,833
442,635
339,951
658,933
584,755
418,463
877,977
5,553
852,920
361,831
650,705
502,541
669,718
161,248
586,949
565,597
372,468
704,941
74,774
160,777
602,930
182,307
266,715
384,936
439,643
222,608
232,838
273,839
507,777
199,661
639,933
229,540
542,1000
757,888
179,948
583,772
569,837
285,849
453,662
38,191
414,936
175,425
205,304
148,965
270,662
905,944
251,420
108,600
5,916
41,839
237,256
247,944
476,538
641,834
305,656
52,210
544,672
26,975
29,721
68,154
56,854
193,563
499,606
402,444
668,829
539,944
102,152
24,498
19,154
103,791
474,963
436,442
73,390
854,955
243,801
344,624
347,370
490,678
209,665
283,614
402,565
200,845
847,952
520,557
368,429
547,660
464,662
423,624
54,498
133,562
353,794
427,743
64,691
554,555
77,630
219,979
198,627
65,512
276,732
6,871
78,976
183,275
386,863
513,904
64,812
661,802
482,571
554,676
490,920
125,270
39,230
930,963
503,630
489,732
24,861
230,966
123,345
255,501
573,810
760,902
204,455
66,979
37,49
300,917
341,689
420,982
93,587
131,879
693,848
115,871
357,633
68,530
16,340
389,851
697,738
62,227
246,573
210,879
208,281
89,589
378,463
223,818
157,464
112,987
533,751
178,294
398,526
269,641
207,995
40,589
716,872
834,864
240,354
584,918
80,890
603,931
181,942
47,713
69,472
387,818
679,926
753,875
71,289
288,812
301,751
428,526
378,934
180,461
452,654
185,539
892,926
878,991
570,875
850,929
55,200
454,700
569,650
519,829
541,588
670,998
632,706
2,539
361,657
815,827
264,953
176,877
391,765
484,993
446,472
91,244
215,539
476,580
127,426
440,657
500,708
156,898
76,609
26,788
655,996
120,423
359,705
741,770
276,411
488,590
639,988
534,706
18,146
275,711
743,816
335,725
440,778
555,765
431,958
472,996
632,719
26,909
502,609
142,303
218,850
815,840
276,303
171,775
97,560
83,662
377,843
129,778
335,846
77,93
13,603
481,671
118,619
134,829
576,945
534,948
754,951
100,427
12,314
132,904
550,663
674,958
715,959
2,794
805,889
189,620
20,848
502,851
189,391
925,954
72,220
163,604
724,900
696,838
668,776
398,915
599,905
313,548
225,435
712,782
192,258
51,282
39,982
469,795
276,666
395,617
31,340
22,749
416,905
913,957
316,738
407,856
715,972
453,972
635,720
248,274
401,553
599,797
160,161
24,566
406,631
65,338
128,623
890,946
515,803
17,792
196,794
8,972
125,325
39,56
536,862
481,926
28,392
28,163
962,970
332,803
354,562
617,972
904,965
730,849
16,45
526,790
292,623
591,919
492,913
206,290
477,524
642,857
843,847
17,805
270,985
908,976
311,757
567,683
167,978
556,561
196,218
547,741
189,996
404,921
533,806
538,921
101,883
417,631
876,916
213,572
163,980
540,701
273,586
209,867
498,704
300,985
470,871
570,580
83,233
690,874
270,288
896,979
662,812
35,650
439,511
950,986
315,475
232,935
341,878
363,637
27,193
720,874
219,363
236,532
477,658
378,881
727,806
424,997
242,468
539,691
114,956
57,422
268,376
501,584
224,306
327,956
146,652
316,538
530,992
263,419
218,905
42,945
4,653
446,769
64,438
55,618
31,32
215,607
583,774
531,584
283,482
195,369
412,892
305,766
351,882
198,374
604,833
37,951
326,825
854,944
124,610
242,602
132,730
89,94
116,197
352,733
43,621
277,559
645,726
156,269
782,960
634,833
293,503
284,949
242,723
223,444
830,893
816,958
150,905
186,562
170,554
631,949
323,567
109,315
422,546
40,215
50,674
614,716
278,501
476,782
536,796
481,860
11,682
28,97
272,723
781,829
19,277
907,968
5,342
29,736
304,675
156,282
307,680
381,629
23,921
83,972
427,745
50,795
12,503
67,210
559,901
540,622
523,978
8,798
130,495
591,853
228,801
200,968
503,511
286,742
184,731
827,837
299,452
194,924
309,911
230,618
156,403
133,685
40,457
100,737
91,917
86,344
471,909
108,857
719,745
127,870
853,974
457,745
135,465
508,976
79,570
32,458
290,753
862,915
447,673
559,914
278,635
300,919
295,575
281,640
883,974
797,971
129,283
43,997
588,797
593,912
371,799
239,414
557,989
615,930
207,876
573,933
442,450
383,809
112,989
850,918
55,189
170,930
65,648
192,460
104,576
442,571
287,468
70,699
106,127
470,818
50,232
621,987
695,936
60,654
472,864
40,941
439,458
255,637
122,485
189,246
466,820
875,988
405,810
56,656
358,469
523,536
275,471
662,880
607,944
863,870
627,630
305,579
417,820
11,132
463,936
764,864
136,541
337,531
361,888
199,597
364,893
42,879
61,892
859,872
878,885
298,310
382,947
69,487
94,251
346,472
337,652
88,887
50,366
349,891
330,649
844,870
94,372
333,654
25,538
123,844
305,821
539,759
139,788
58,311
550,773
770,776
429,483
30,737
453,611
673,843
420,663
733,894
241,957
626,768
150,839
851,886
395,606
138,950
133,606
59,428
367,544
601,711
432,902
243,737
349,904
891,958
770,897
622,770
63,254
326,893
400,842
675,781
418,896
204,378
457,558
278,327
830,840
181,394
368,486
65,448
318,665
712,784
323,743
189,514
656,660
81,163
394,623
518,955
191,560
765,795
825,846
154,678
350,553
116,157
319,745
186,859
468,545
198,455
137,445
142,560
343,550
90,104
493,494
66,915
742,969
83,101
93,523
786,975
147,759
188,797
675,915
536,985
116,399
93,415
84,861
478,980
5,531
426,561
464,853
772,969
87,866
510,969
202,816
343,563
250,335
255,450
628,924
366,924
182,874
460,559
806,967
171,456
33,751
69,179
253,754
621,921
473,757
390,988
137,579
101,885
376,861
472,569
134,510
86,762
34,343
120,346
311,880
80,947
484,808
229,518
575,926
47,541
93,657
349,583
514,916
299,762
530,631
554,988
788,926
433,698
161,239
6,136
152,419
773,803
162,878
391,701
372,459
864,921
685,919
965,973
547,985
299,883
27,424
385,657
123,657
546,760
150,531
186,188
365,419
232,829
347,816
493,870
116,883
80,960
331,542
224,416
298,365
234,875
344,481
289,545
127,483
168,255
462,473
467,588
838,989
576,760
194,429
97,725
501,586
100,242
212,483
844,925
94,427
500,886
94,198
338,824
140,314
439,876
71,480
585,701
115,486
750,768
328,779
648,720
166,488
639,937
515,605
45,427
859,940
638,941
3,430
294,902
247,827
51,915
789,881
295,309
622,704
164,792
425,833
175,658
156,379
20,784
703,777
381,497
231,967
133,432
427,613
224,550
201,832
295,430
374,723
627,940
214,505
217,776
425,954
444,967
7,966
411,790
227,969
371,425
207,731
821,890
432,849
26,161
437,964
798,943
349,851
416,612
536,906
830,895
80,397
11,563
575,605
281,387
184,720
93,107
258,440
390,559
104,202
188,610
615,677
307,561
64,803
260,449
316,795
402,798
70,96
668,954
214,518
74,215
390,680
376,782
610,949
290,742
25,30
326,961
386,975
582,621
105,962
2,46
36,862
325,736
320,392
91,569
190,282
234,554
203,746
161,749
937,970
58,513
512,683
751,965
825,914
603,801
317,444
448,927
520,803
602,613
538,857
390,693
68,642
367,975
297,916
457,868
718,909
350,513
28,462
105,157
69,234
547,798
261,404
32,581
132,290
159,393
292,922
488,568
295,927
952,968
503,876
410,648
649,930
5,599
10,943
385,591
233,463
238,807
343,860
665,874
21,809
95,758
692,748
582,876
141,874
516,522
655,866
6,420
133,232
215,301
271,876
71,522
384,753
236,589
577,653
898,974
315,653
141,766
103,245
378,938
636,708
4,468
135,951
129,648
179,994
220,766
77,192
5,841
762,820
159,527
439,581
7,887
122,379
139,548
91,248
132,774
30,497
365,487
84,474
158,948
595,949
6,554
128,251
601,700
331,839
501,762
160,728
416,425
176,184
35,962
26,913
461,841
309,713
376,474
823,934
381,552
689,705
551,1000
331,731
303,898
592,772
110,503
440,903
369,434
522,713
140,611
238,954
76,855
714,883
833,834
502,963
194,847
106,734
100,431
50,839
298,675
158,372
526,539
16,962
51,165
818,832
156,218
143,922
41,911
89,393
214,802
448,740
102,332
262,321
714,896
253,272
514,542
123,391
207,799
169,278
40,393
265,740
438,439
300,734
723,837
236,978
203,801
459,727
464,842
82,511
469,920
596,732
329,617
568,899
105,909
540,571
605,966
391,448
102,345
281,576
456,577
382,399
781,899
146,388
404,912
706,725
238,391
403,687
633,920
359,617
218,641
457,923
89,527
80,936
33,861
451,620
556,673
74,633
709,915
528,574
524,869
123,525
145,284
11,55
329,630
45,871
375,746
394,759
260,530
208,340
70,635
691,982
718,856
704,921
415,818
330,451
822,913
285,708
627,674
87,989
684,979
799,929
274,815
563,689
917,921
208,461
499,933
337,346
402,1000
59,109
157,415
415,939
303,469
79,990
160,420
261,472
271,931
216,995
238,754
752,975
213,926
212,472
662,937
151,721
63,874
173,251
434,521
439,636
114,839
26,955
752,867
15,308
722,924
278,947
699,940
625,762
14,837
50,531
243,431
531,575
132,829
132,600
402,424
121,182
106,318
523,835
270,426
627,929
393,762
80,265
238,888
720,891
866,945
291,485
230,475
474,835
59,593
441,658
97,619
449,778
182,663
316,663
608,771
19,147
156,381
271,368
433,955
139,737
782,843
133,663
78,727
50,665
31,386
196,719
526,594
946,951
154,493
536,558
88,368
208,958
299,322
120,845
557,846
309,781
777,886
101,337
721,954
383,666
242,727
44,971
332,620
511,851
304,787
51,341
254,966
441,792
97,982
210,859
457,507
360,803
401,841
828,908
525,907
276,846
6,985
257,567
81,341
31,749
210,980
416,856
751,846
584,669
225,736
1,991
739,957
579,739
288,792
104,217
73,867
49,281
269,513
807,862
366,860
287,567
572,736
649,919
129,395
146,335
423,872
579,860
560,618
216,808
99,223
123,580
219,288
697,852
134,217
20,344
792,860
561,927
160,354
343,741
678,694
141,755
414,621
479,750
226,341
350,636
102,763
47,827
231,419
138,228
850,922
552,999
123,593
692,750
40,824
375,814
623,650
414,513
597,863
303,416
776,865
762,930
421,637
82,942
500,701
899,935
38,347
30,257
186,245
582,999
227,771
461,709
433,876
221,239
652,691
435,656
247,871
238,822
324,825
434,468
33,124
453,481
324,596
852,981
291,419
912,995
318,522
184,293
29,419
120,537
736,769
460,871
451,822
229,709
265,366
11,486
309,823
120,658
180,709
111,838
6,556
68,202
372,879
713,943
224,715
446,828
380,474
344,551
210,322
454,948
3,258
402,492
715,952
219,785
267,304
286,317
184,535
1,562
465,962
504,890
275,838
316,839
237,317
457,549
89,153
42,307
154,548
434,831
16,843
613,833
263,949
511,785
65,210
156,328
703,726
290,328
419,967
675,893
513,602
293,333
124,790
125,197
27,857
237,438
107,557
668,890
828,842
814,944
167,379
98,508
511,677
268,919
211,385
32,154
548,973
59,782
197,221
408,441
26,339
200,906
102,334
219,919
508,793
525,962
387,732
506,683
593,837
656,893
403,447
427,804
471,847
14,342
52,634
277,981
203,803
151,347
13,154
104,272
450,680
427,925
301,557
237,801
705,906
297,852
779,855
746,907
262,565
167,971
281,578
594,809
354,568
371,508
832,866
150,509
628,807
788,796
600,745
383,747
512,632
42,683
484,799
570,802
28,519
503,812
50,278
186,876
93,648
289,294
99,170
164,299
683,864
227,584
210,940
306,877
120,229
139,242
59,219
424,640
685,910
157,525
551,681
864,912
778,872
162,640
186,997
148,476
406,1000
247,455
216,876
30,420
539,563
257,648
444,703
246,984
89,1000
133,289
685,802
243,420
64,189
354,702
211,882
296,697
576,751
34,468
287,648
414,689
768,921
221,294
133,181
28,653
283,354
21,879
217,525
155,879
62,651
315,831
783,936
43,372
153,769
131,256
433,823
713,877
625,993
427,483
322,992
979,996
146,995
578,652
163,410
261,716
51,906
357,949
66,248
558,939
164,554
76,670
186,313
122,786
392,418
669,955
796,996
842,883
114,144
91,426
210,377
96,541
256,493
173,724
305,880
238,890
508,714
85,382
47,90
865,988
139,847
543,708
395,544
288,418
147,442
56,849
205,649
367,482
129,839
172,206
3,434
278,373
281,378
101,447
106,791
395,665
68,270
496,717
106,562
152,678
446,896
353,668
427,617
738,775
215,734
132,965
74,206
703,902
312,788
224,675
297,894
691,784
126,746
112,848
76,925
874,905
103,799
5,227
