1441,8637
5426,6530
6986,8294
5651,6877
4935,5246
4140,4746
2505,7275
3320,4455
1465,3975
801,4749
8251,8679
121,560
2891,3783
1915,4211
5361,5768
3902,4056
464,3114
3382,4286
2191,7758
4472,5606
1621,7376
2202,7358
1486,2987
2840,9372
545,2958
2494,4497
2710,7047
351,7559
2197,6233
612,9778
2265,3627
2144,9753
2937,9160
798,7955
1201,2481
8074,9517
4428,4637
3542,6530
332,9616
1913,4609
3350,5542
2806,7630
1015,2476
5512,8394
657,2502
4196,5041
2207,2346
8368,8459
3502,5118
6103,6354
3019,5415
4170,4759
5035,5732
3696,4351
1975,5379
2532,8414
2967,3912
795,8451
4690,5145
6118,9493
1033,8508
2640,6671
293,2282
1179,4361
9157,9679
678,6065
413,4599
982,7496
5462,9044
4712,7563
5503,6601
7564,9135
94,9922
122,370
4507,8033
1501,6748
4512,5933
164,7951
3221,4034
2646,3574
4939,6680
2769,8111
8407,9982
7987,9359
4878,8656
1330,9266
3644,5076
6272,6940
7199,9020
7786,8322
3538,8063
1495,8552
1701,8391
6623,9089
3268,7650
541,2811
2156,2784
7248,7865
2807,3239
999,1410
3724,8051
6403,6726
4223,9455
2750,5859
3899,6591
537,8411
3255,6260
5614,9720
1567,5250
981,8573
5890,8837
1334,5722
4475,6643
98,5745
631,8460
3183,3647
1043,4203
224,1656
6137,9882
935,8578
5890,8958
4730,7808
275,7485
2530,8084
42,8711
2418,7614
3923,7190
809,2696
4160,4393
3200,6337
4638,9158
1681,3793
3902,5037
1614,1817
5194,8558
455,8476
489,9521
1437,8802
5877,8736
4612,7829
4849,9728
4522,9333
928,7612
8056,8559
2774,5303
1036,2227
1545,8749
234,1539
19,1385
5017,6831
4141,7426
3298,5983
4800,6833
3118,6510
8242,8685
1869,6365
1552,6429
917,8133
2243,4068
186,8557
1091,2772
1357,9344
994,3105
4406,8232
6722,9070
3434,4652
6622,7671
7812,8175
5031,7237
7894,8473
2142,4551
5478,8451
1352,9350
3733,8368
1553,4910
6737,8560
2458,4787
7416,9343
5291,5363
7132,8308
4112,9303
8690,9962
7661,9295
5875,7225
5235,8585
1635,4575
2017,3216
630,855
404,7453
5133,7527
2576,6297
5525,6819
451,4007
3350,9101
3663,9598
3465,5412
3396,7756
6512,8455
5025,9879
106,6712
7506,8081
5061,5143
3975,8143
1733,3807
811,1051
1559,7855
8140,8892
5758,9915
1546,9313
5125,5801
2225,2697
3696,5466
193,3338
4248,6171
623,2922
1139,4007
2863,5199
6708,8222
7232,9131
3051,3449
2027,6095
1468,6397
3117,4971
6520,7878
415,8756
3123,6183
3292,7712
8040,8257
7061,7973
1950,4047
3906,8514
1229,1806
3422,5957
6510,9792
1904,2884
5412,7305
3001,9576
6246,8699
3092,6496
5517,8001
7733,9426
369,5499
61,3168
4646,6984
2479,9881
4401,6399
1386,3079
5806,6562
7480,7933
71,594
69,6146
1454,3442
2527,3398
1155,4314
6951,9511
6378,9878
4017,9792
407,9524
7396,9898
5663,6900
553,6380
1301,8983
1153,6870
503,4573
286,6790
3298,9058
380,5671
1526,6886
4196,8976
1999,7335
2529,6332
3747,4454
3903,9397
1456,7810
4405,6117
1602,2680
1287,3571
3661,6602
8277,9768
696,5089
4438,7462
5477,9783
167,2759
4945,6741
6676,8646
6488,6609
7448,9391
6200,8128
7545,9738
805,6429
4074,8353
4265,5440
1921,6984
581,2520
2040,4195
8387,9266
1864,3969
503,4815
3531,8599
3417,9480
3768,6031
5557,9604
2281,4257
42,5625
2115,8691
6712,9363
5636,8621
2816,4537
3440,4401
606,4620
3049,8717
1943,4154
3212,7957
5070,7917
1025,1305
4913,9394
3134,6280
1040,2108
830,2298
3163,4766
2678,5771
2335,4651
7785,9403
2790,3474
22,812
3404,7080
2929,6292
3844,4871
4542,5667
177,4069
356,3317
4275,7538
2465,7060
3530,6401
1192,3818
3651,3658
2140,9929
7114,7370
5892,9314
7934,8866
1561,4331
4434,8241
1276,9531
309,1148
6983,8792
3901,4974
5872,8029
2610,4832
4261,8663
1577,3228
4322,7892
1089,3410
4710,7479
4223,9081
3533,6685
3202,9029
2978,7335
2480,5545
5860,8584
650,744
2849,7184
4928,5608
3594,6520
4953,9048
5452,8466
2659,6242
1341,1537
6022,9033
1573,2597
3548,5357
747,2784
1558,9644
856,970
2320,6961
5904,6533
604,8333
5669,6370
2360,7528
2814,9684
9409,9902
8215,9656
2451,5202
1077,9721
6409,8102
4494,7608
2192,2238
5246,7206
846,6819
4686,9764
1916,3057
2881,3214
1932,7202
1657,2833
1696,8423
8511,8873
3979,4883
958,4027
1639,9609
2133,4748
3457,8450
1482,7676
4842,6978
1535,4533
7068,9091
373,8706
6966,9080
4989,5456
7905,8016
7590,8678
7538,9242
1141,6299
358,9108
6772,6999
1734,4598
2017,7138
933,6535
465,4215
6672,8983
5951,6483
3807,8869
147,6794
5174,6562
4620,5710
3515,4496
2200,8427
438,6714
510,5836
6334,6894
5193,5757
709,6948
1760,4893
7267,8230
436,4803
992,4792
3442,3644
3581,6957
6385,9276
4859,5588
4866,8516
1389,1459
4955,8036
2601,6677
3831,4099
3151,6326
2058,9138
5434,8973
181,2483
1411,3140
2223,9205
373,8840
2081,9795
3689,8072
351,2113
3004,5754
5173,9548
1478,8684
8170,9966
7325,8450
4185,4196
5325,9538
8375,8385
4249,4854
1637,2971
5267,8809
4286,9876
3193,9948
9420,9999
937,7663
467,6502
680,9993
6506,7485
6602,9408
6275,9013
1253,2981
1100,1719
7765,9809
698,2170
5956,8738
2248,7410
2026,2150
2044,9337
2613,5064
2220,4086
136,6752
4186,9241
1590,1704
8551,8624
1218,4047
6403,9319
1214,3110
541,3539
7459,7645
857,8205
1297,4047
49,2555
1322,5043
8732,9840
105,5345
1476,6907
1094,8828
1820,4502
1457,4679
5170,6351
1075,4119
4923,6888
5114,6190
5611,8982
3983,6266
110,4376
8294,8567
5073,5371
400,3428
5343,6952
7681,9764
2153,7307
2027,9117
2865,3837
7328,7956
874,2264
2133,7823
1840,6258
6561,8723
145,5538
1965,9407
4400,5278
9102,9908
636,3789
1742,3922
443,2199
1126,1438
5119,9580
5517,7640
2342,3099
5733,8167
131,3509
5545,8870
1481,1787
4227,6639
25,346
6894,9892
549,2975
3467,6362
4671,7030
1605,7680
2694,9859
87,8808
2642,4973
4654,8783
2629,8417
6806,7978
7338,9559
3248,3736
6155,9445
926,5298
1153,2308
4664,5980
3461,8395
2613,4393
837,9390
2628,7899
188,350
1062,7293
3727,8810
4759,8203
5881,6846
6359,9625
5514,7318
509,701
2310,7775
2955,3046
618,9733
4329,8097
1937,6446
3891,5885
548,2992
8543,8708
1626,7227
4003,7294
1205,9385
3416,3562
6081,6503
3426,5970
1259,5191
5493,7501
4576,8095
7621,9308
1874,9665
4551,5527
3675,4661
602,5601
3007,8174
1665,4832
2107,7917
2014,2734
5398,7385
2712,5287
461,9762
2942,5978
237,8068
6572,7881
1992,2194
1448,7463
2568,9709
6954,7717
3597,7895
534,5322
1083,2346
2168,5574
2347,3590
1614,1753
877,9044
387,4750
3234,9425
3836,8298
7215,7879
5453,8381
3335,3586
950,9293
7799,9327
1956,9976
3461,9589
6840,9924
1594,6362
3345,7657
3660,6500
1855,6366
1755,4738
4561,7655
8585,8960
985,6254
1940,5952
4498,9033
1862,8513
890,998
2767,4418
1220,4845
2238,4828
2458,2616
2122,9083
7848,8815
1100,2942
4761,6410
3765,4459
141,7969
4053,6552
7802,9867
1312,8719
257,681
2197,7392
182,7448
602,1655
2040,8640
6288,9424
3301,3951
4801,7650
5425,9958
1836,2165
2274,9746
2465,2861
2595,8340
3878,9072
3293,3952
3133,6703
6467,9251
1419,3984
3229,4196
2169,4970
5780,6106
3294,7331
5344,6478
3276,3490
4810,8988
1690,9816
5150,6841
1053,5031
5461,9214
4921,5328
4134,6904
96,5472
7229,9466
3597,5238
6558,7046
670,2260
1437,7128
5293,6368
4059,9470
2937,8346
1464,6736
3045,7879
1692,8549
1669,7370
3756,8156
2697,7583
1145,2674
2313,4439
862,4537
3770,5058
1089,3304
4748,8123
4755,9065
517,6525
3182,5302
2867,8408
3111,4833
363,4072
1841,3582
3790,7107
612,8748
2236,8541
221,8863
8306,8874
5821,6995
5940,8178
3576,6360
3541,5356
769,2252
4473,9766
3993,8863
4600,9541
1336,5517
6401,9970
1437,6323
1912,2186
1249,4057
3613,7824
3838,8437
2661,7377
3340,3501
1378,1434
2018,6224
1794,8731
8270,8483
806,6870
1830,6927
6076,6359
5417,9655
360,8998
3734,4071
805,5184
1143,5179
3581,4731
6851,7523
4105,7626
1190,5934
3728,7639
204,8872
6974,7859
2700,8365
7189,9504
2743,6786
3954,6410
3858,6702
2115,3016
2051,3526
3455,5265
2510,8241
1629,6277
8008,9543
16,6084
487,5669
7536,8272
2379,7677
6044,8369
1467,6592
6392,9052
9351,9996
1393,9797
1357,7925
1481,3265
6914,8868
9087,9923
6341,9006
9362,9633
6402,8693
2185,4778
6366,6555
7432,9733
2012,6284
1427,7351
622,767
3519,9464
3326,7083
2517,7210
6183,8016
5407,6334
2831,4108
7650,7862
606,3388
4171,6128
19,7792
3038,3125
6855,8530
5150,7351
642,1769
4000,9629
7052,8815
4449,8472
4460,8338
3304,6398
36,9543
351,6437
582,2657
5760,6987
2503,4134
1556,4031
3056,7730
3538,5518
2440,7232
6132,8027
910,2873
454,4808
5509,6358
1319,3566
1009,6787
3273,4991
895,5453
4341,6781
4124,8244
1141,2247
824,2540
2928,3007
2367,2445
799,8374
2789,9722
4950,9225
84,3181
2573,8148
949,6857
3827,8667
1803,5197
1512,6482
1421,2651
533,1960
6044,6759
1178,4916
3934,6255
937,8725
2155,9328
209,5283
4261,6384
4658,7777
4670,4862
2994,4650
879,9952
3396,4364
2714,7979
2220,6424
2722,9789
1270,4855
7285,7430
759,1670
6636,9007
3272,9438
829,911
11,9849
584,3066
3445,9137
3550,7204
1346,4584
4,4477
5835,8692
3669,4415
5327,9454
7954,9925
6636,7960
6223,9740
7582,8067
982,5327
5794,9334
1780,4287
2315,5614
720,7047
381,3151
7569,9296
7185,9599
2751,8167
7565,9820
6894,9652
5132,7939
5037,8833
2263,6363
207,8862
1334,3419
3395,8848
5384,7076
4620,8666
5337,7001
5702,7651
3871,6104
8253,9295
2697,5544
4973,7478
2494,8891
2091,7720
2230,8293
2326,6540
158,8340
294,4966
3648,9149
5198,8764
50,3788
2223,9007
5750,9277
473,8580
2923,7469
146,8222
9459,9487
757,1694
5652,5736
6102,8416
183,4317
2494,2596
7614,7739
4835,4925
3649,9495
1106,3016
5192,9134
3356,3500
1415,5986
269,7474
1401,7808
3978,4486
2814,8815
4228,4368
5542,7648
7311,7859
410,953
9338,9503
2368,7718
2731,5555
7646,9246
3030,3865
2591,6972
6309,8988
1849,8550
65,4338
6606,8686
2475,4811
4567,6170
5587,7017
2137,8199
1583,4644
1956,7858
1369,3897
4058,9447
6974,7806
3323,7537
3961,5313
2154,6567
2976,6675
5075,5529
3323,6719
1060,6939
544,8594
7393,9860
757,3225
1431,6882
3648,4974
2674,4997
3914,7308
4356,6229
3267,5511
1405,9044
6708,8710
3893,6956
713,5784
1273,1691
3162,9137
5854,6556
551,2460
4919,7739
6705,9580
5764,7565
5084,9038
304,9413
3120,6144
1315,3795
12,9012
7763,9901
3582,5909
5020,8501
1570,8451
3151,6625
3362,7074
1732,9681
696,2181
2910,9424
4761,7688
410,3773
1789,4967
5569,5646
2448,8575
1057,8990
1422,7425
8753,9943
7767,9912
6937,9162
3495,8478
1828,3619
534,3701
1484,1594
2781,6691
5269,9033
1964,2231
3744,6738
5741,9028
2692,9322
1822,4218
4463,8825
7276,8483
1966,3216
5782,7753
5365,8862
2490,6074
1943,3461
1793,6671
270,1039
1904,7936
7554,8878
4942,9173
396,7271
1999,7944
421,9021
2463,4372
3263,9151
965,6381
3403,8902
2491,7588
4882,5079
1804,4443
5859,9262
6089,9724
5067,8013
3300,3970
2061,2527
1290,3404
645,1451
3628,5987
1790,9877
2206,8772
3770,4121
5065,8583
4572,6206
2043,6795
2607,8823
6270,7934
3369,6177
4755,7081
271,3088
3698,4137
2934,5956
1346,1390
2003,2414
6342,6992
4324,5582
2880,8874
3243,4725
5273,7192
567,7516
3998,5826
1790,8951
2335,4092
5585,7952
3047,8233
502,6074
3437,6698
973,1495
195,4382
1707,5920
312,1520
8814,9925
2111,3300
6978,8263
139,2989
4190,8332
3118,7066
2168,9698
102,3107
7470,7678
3313,8998
1057,6225
2263,5505
1829,8956
1134,4193
6154,9398
1612,4757
3539,9984
9015,9807
691,3623
4290,7637
6463,6477
1243,2150
580,8222
5795,8004
7500,7971
5848,9062
494,6492
788,4724
5579,7891
6725,8877
7545,8616
5227,5453
5073,8958
8407,9291
1284,4029
4828,6158
979,5608
6710,8461
6348,7291
434,5256
4999,5747
632,3285
4837,8048
4310,7336
91,7024
5565,8723
7593,8111
2641,6982
359,5728
6348,8351
608,8418
181,8085
5281,5702
6428,7785
7290,7292
330,5212
5218,8800
3074,5036
1365,6825
8092,9148
545,8483
1605,8234
2489,3299
4577,7168
5167,7936
3441,9115
6015,6047
3007,4164
3962,5848
4636,7519
5551,8801
184,7201
8656,9836
889,3984
1938,9733
462,2190
5565,7918
3144,8784
5002,6529
224,5287
6767,7264
1636,6658
6173,6754
6861,9114
3637,6438
366,7097
498,6987
135,748
696,1081
5308,9201
243,281
1478,2514
1791,4731
836,2781
3404,3877
324,391
2361,6015
637,2837
3150,3960
7155,9416
5961,6992
4560,8934
435,8974
4793,7415
7893,9796
1056,2942
7702,8767
634,3707
598,1044
2745,9509
773,1836
1805,8133
1261,3051
4370,7726
1994,2407
3764,9902
3633,4989
4801,8178
1423,7021
1703,7075
6116,9387
3925,9712
5833,7049
4135,9027
351,507
573,3323
894,7616
8583,9576
6659,9491
876,4529
1120,4889
6589,9957
1011,5922
1310,6447
4185,4805
9052,9273
1090,3182
1766,6434
1387,7835
4584,5453
6841,7145
5145,5786
2153,2184
453,7994
3312,3604
39,6139
3356,7811
1078,2835
3078,4605
251,7752
1209,6930
34,2799
34,584
3366,9438
3092,5671
2044,5516
3472,7649
1477,3419
1081,4651
6948,8331
1308,5596
2947,3977
1538,1857
5237,5617
5777,9237
2112,9299
863,6414
7086,9958
4321,6813
267,9803
6237,8175
3037,7842
6010,6735
3116,6674
4258,4478
5980,9044
4,8346
1437,4407
8171,9887
6805,8403
184,8987
547,4609
1271,8804
3969,5543
3979,8217
5653,9817
1025,2921
6468,8983
1492,9446
4539,6339
6167,7594
2426,8075
2794,7010
1500,6826
3024,5257
3179,8312
2800,9713
1562,6923
4014,7127
7040,9559
8712,9837
3388,9065
7149,7516
3429,7642
495,9643
3814,6958
1164,4783
488,2056
2497,8076
4154,5602
520,9178
4735,5059
36,4110
6056,9015
778,8130
314,1610
8221,8674
260,6743
4716,7705
194,2188
4693,7987
1012,9236
3379,7124
7904,7920
2512,2843
2582,7746
9139,9658
1916,5707
5419,9784
3652,7956
4765,7045
3691,7130
3275,3768
3139,4173
998,6305
1234,6841
4833,8640
3969,9060
7162,7993
680,4683
5165,6871
2551,8554
7532,8169
5441,9664
2494,7525
3411,6968
3920,6845
1629,5771
2770,3673
2914,9545
373,1678
3468,8670
694,8903
8202,9842
3398,9594
905,4922
888,7493
4123,7783
8878,9307
927,3634
2121,3614
1278,7126
5350,7159
4978,5301
3789,9371
635,7434
5522,6596
2929,9910
4154,7254
3151,3607
3723,7970
2818,5649
6990,9067
1522,5621
715,1620
6933,8267
5472,8172
7913,7995
2063,5716
6638,8844
3343,4716
609,1904
6082,6411
1085,3819
8273,9735
1504,5200
4546,5913
2299,7649
1984,2161
5158,9446
788,3303
65,6355
2135,5740
921,1617
4136,8903
6801,7680
2577,5829
1250,8208
8230,9220
202,3327
1857,6671
878,4364
3641,5928
4837,6506
3304,6831
3056,4780
6593,8441
2059,7300
2995,6719
4952,6429
697,8675
3028,8330
3264,6880
5322,9409
3487,4185
8504,9873
2549,5622
5685,8414
967,7223
695,6535
34,639
121,9912
166,2744
718,5701
2971,9408
4767,8490
5732,8876
3834,4121
1344,5116
7161,9433
1261,7562
6987,8085
946,6238
2085,8497
5808,8642
2177,7039
1597,4478
2044,5692
1569,2201
5717,8231
944,7333
4504,7972
8819,8995
1928,9718
5467,7302
1993,5646
6012,8822
3040,6367
3617,4658
2037,9072
568,2508
7520,9837
7873,8972
6035,6712
1341,8322
1582,7216
3018,4743
1423,8391
4102,9281
2627,9059
2324,7035
1166,8469
5493,7560
4042,8449
5208,8367
206,7609
4509,8329
6527,9739
1018,3094
1596,9221
7036,9387
126,9077
2132,5000
5236,7382
145,2940
5254,5450
51,6688
1281,9331
476,6194
6713,8882
5948,8261
172,4699
762,5733
3167,5337
505,6077
2389,7258
2520,5526
3264,4223
5494,5812
2004,3660
2341,4477
1376,1876
4414,6348
116,1542
4106,5966
4677,4772
3462,7887
296,4398
2701,8203
5736,6742
1582,9794
5887,6157
7347,8996
6631,7594
3737,6779
7362,9799
1263,4564
6445,8370
3738,5432
2286,8863
6255,8246
3442,4121
1673,3681
883,6265
4365,9465
3005,3302
1880,2698
5344,8510
7575,8981
2730,6517
588,611
1780,6143
7989,9789
988,5685
1857,1933
220,3827
2947,7683
4108,5271
990,7946
999,3299
5030,7532
300,1083
3488,4065
179,4994
3465,8548
746,8488
2047,4393
1253,5552
4498,6890
4238,5731
3904,8595
8262,8756
4891,8770
4626,5089
6874,9176
3789,5346
1290,5326
6682,7959
7007,7490
8578,9608
5154,9759
1222,9477
5690,9510
3899,5110
4117,6501
6787,7342
507,1803
5326,7772
2055,3035
3256,8158
7017,8558
2901,7930
6682,9477
839,5925
2288,4734
9606,9676
1424,5797
1703,2997
1374,3761
1714,9013
3801,7813
1490,2889
2281,5862
369,9803
6277,9549
3953,4420
9207,9792
2082,8133
4573,9992
1946,9292
435,9339
3718,4782
4277,8681
3962,5408
1474,3066
7007,7853
8356,9693
2817,6781
386,3741
878,6418
1031,6926
1411,9362
6686,6980
585,7105
8052,8464
3599,5999
1892,6962
4724,5879
549,4378
6175,7178
4091,7629
523,713
5703,6136
5240,8361
4824,9200
4550,5699
1654,2071
369,4447
7132,8908
3500,6932
6963,7638
2073,7387
3795,5537
2666,8655
6112,9229
5028,5445
3624,7641
2161,6453
3656,6132
5414,8369
970,1294
417,3562
5169,5569
5675,5966
3318,7305
107,8769
4916,7863
4966,5240
1331,4427
443,3736
5728,6206
5604,6665
5093,5695
1923,7456
5164,7561
3462,6882
6044,9825
571,1117
6502,6993
2241,7213
6280,9055
5509,9666
6763,7711
7021,8006
914,2166
1118,7823
5144,5754
4604,8284
1964,8517
940,8985
3944,7191
3795,4853
5925,9473
7721,7801
2155,2837
2222,3830
4319,9697
8901,9603
71,5274
1193,1702
5840,6396
4193,4899
7725,9906
74,6740
2956,8255
2634,6218
1314,7590
2021,3022
9345,9994
1735,6829
3060,6097
4534,6360
2710,9367
2464,3713
1583,3964
1208,9005
923,9812
245,5696
8581,9490
864,8185
5808,6161
1868,6018
6233,9602
6257,7973
3093,3362
5197,7993
2652,3885
691,794
6000,8088
4054,8998
1470,8345
56,1680
6124,7565
2366,8631
8367,9093
3114,8790
2966,3671
1577,9639
1610,3400
5049,6001
6946,8841
3575,8367
5738,6748
1316,6602
678,5820
1696,8055
1237,1317
1583,5374
1693,9935
3166,5166
1423,3695
7035,8775
1457,6955
6756,9360
2105,3729
2838,8747
2633,8049
3989,5876
6712,6809
6428,7050
2708,6422
1906,5734
3735,5996
2085,2767
3370,5346
3492,8224
3070,5054
1604,6372
5086,9572
2101,4963
2015,5677
5503,5659
1248,8659
811,9853
6752,8315
7332,8890
1723,2536
4863,6790
2433,6833
1757,2120
2306,3116
4043,4284
2916,5260
1157,9709
3337,7505
2447,7936
7313,7564
1657,6319
587,1450
6360,9144
3717,5696
6081,7477
902,3942
2808,4387
5667,8628
6901,7512
1073,9193
421,865
1615,5046
8108,9646
909,6052
2939,6304
1550,9495
882,4377
3194,3790
5157,7250
3342,4442
1217,7107
2287,5560
8646,9177
1032,7556
1336,7967
8027,8876
1903,9246
1645,6507
5334,9771
6502,8567
7942,10000
248,1997
1083,4259
5083,9142
6908,8696
4609,7273
419,4215
603,6776
8487,9655
3284,4743
5746,7887
1561,9374
6666,8530
969,9499
3097,9054
5664,6505
7412,8091
7570,9431
1844,6464
1912,9308
4226,9319
2283,5050
1481,5594
2190,2607
5292,7572
2416,7794
193,9133
7452,9331
1480,8109
3162,9304
5111,8665
123,7842
5594,7092
8054,8618
3341,8754
822,9048
4287,8632
7059,9521
15,846
3855,4545
1114,1986
2112,7275
6993,9167
1785,2450
4934,9382
7499,8975
2585,6152
5250,7403
8087,8916
520,2940
4742,8165
6414,8938
4850,7698
5180,7344
1869,9624
462,1134
6766,9999
3662,7425
6139,9120
3057,7022
442,1192
3922,5743
2277,6830
1993,2870
391,1375
1136,2283
2054,6758
5113,9626
4548,5424
4000,7770
5296,7532
4467,7650
4947,9041
3247,8206
2328,5950
1328,8990
1541,8051
8160,8855
15,4363
1343,9527
2917,3312
1812,8285
538,9773
4782,6880
1104,1553
621,8495
53,9206
777,9237
4375,9939
1464,3522
3535,3775
5140,9742
2512,5370
4535,4680
2231,9292
1651,6502
2413,4839
742,9135
4328,4350
8018,8519
93,8460
6089,6629
411,4834
1445,5616
2355,3851
5163,7366
4180,9821
2321,8404
1177,3586
9261,9788
1608,1823
2277,2884
227,5134
1254,6169
1099,5063
3850,7327
3886,7738
235,4729
426,1853
813,2262
1812,4218
2870,7306
5163,8426
1572,8437
4045,6455
6773,9489
6747,8268
4933,8314
9353,9619
1163,5879
5607,7770
1667,7627
3795,6694
5228,9171
2765,8808
6480,6877
663,4546
2483,5446
871,4431
626,8276
1012,3387
4353,7631
2976,7944
896,7642
4325,7569
2704,8010
6821,9506
4806,5627
484,2450
5565,6204
9434,9850
2433,3760
4606,4815
5012,5466
9222,9930
4516,6053
182,1590
1288,1686
4025,8216
355,1518
138,7182
5586,9121
367,8173
1232,9375
1585,4309
3553,6127
5256,8199
3372,3571
2162,6801
2432,4410
6050,6488
5699,9708
3799,4089
6398,9157
1157,5939
5457,6913
1332,4250
4477,8619
4945,6738
5139,5291
1047,7235
942,5492
2442,4990
207,613
1328,4481
2398,3900
6694,7879
1308,5734
203,3059
4604,6300
6840,9101
1133,1946
6731,7882
2591,6402
3838,7706
8246,9903
192,8010
3647,4691
1530,9166
2492,5642
592,6668
1416,1453
7195,9450
3716,5730
2653,4018
8686,8899
494,5049
1961,8342
2573,9135
6396,8427
1754,9032
379,5513
2125,4020
5941,8557
1488,7075
2001,2227
1154,7724
1565,5080
1140,3396
5723,6348
7445,8699
2744,2951
187,5693
1219,9812
3719,6270
9295,9478
3244,3762
2924,3326
2693,7860
3135,8730
3544,4468
3623,9716
3730,5641
6331,7143
116,8149
3586,5633
6834,8895
3861,7787
2304,3325
1825,2802
3005,7573
6241,9549
1612,7649
2099,5027
6937,7074
970,7391
660,7431
2663,4840
8637,9629
3559,3665
2736,9748
1642,2307
4595,5917
6986,9824
1306,9942
284,2606
7897,9452
1863,7352
79,1154
5469,9864
1097,5109
837,1735
1933,3395
5455,7714
1728,4683
2350,8113
4580,7487
968,8607
2864,6119
3423,7803
3729,4877
3011,6812
5394,6657
3334,6004
3965,6810
1042,1093
97,6018
1341,1426
224,8045
1069,5168
4637,5927
6770,7324
8382,9995
3943,8219
5961,7414
703,4781
5692,8687
8815,9096
3345,6055
1339,1730
3381,3497
4172,8722
1815,5631
2140,3176
2422,4848
1061,5694
3196,3451
8006,9637
2722,7769
3164,8868
1323,7091
5306,5389
1291,9768
176,9852
1004,1861
1141,6296
1841,3001
1368,3077
211,3164
8068,8650
4370,8269
5523,8248
2154,4171
3952,6066
5600,9929
1763,6464
719,3570
3370,4664
3423,3736
2385,8241
114,2413
174,478
4324,9321
4544,6392
1149,4063
2004,6563
70,4558
1493,5593
440,7538
71,9398
1114,4779
1721,6211
348,5734
4874,8189
2166,3592
3812,9331
820,7944
5212,9645
1701,3263
5083,7279
1626,9505
592,3098
1452,1741
1314,6237
5454,6670
3594,5846
3807,9108
4896,9789
729,6486
435,4053
5517,5972
777,1050
2923,9290
1445,9322
4910,8906
8339,8833
4540,9898
2603,3192
2472,2709
1708,5989
1499,3371
5155,5704
1622,9628
2425,9952
3865,9170
5293,9317
1986,6118
3027,3870
656,881
528,10000
2247,2483
523,1254
2966,7566
2816,4589
4531,7984
2566,5875
3244,9762
3708,9637
5398,8737
7806,8346
1101,5324
8256,9077
508,5453
3792,4504
3406,9127
2023,6013
624,4352
7282,9514
3255,9897
1345,1870
4464,5018
3182,6157
3251,4530
3674,6848
4274,8304
3607,9009
904,7496
2714,3544
4097,4443
3761,8429
3767,7426
2941,8101
3187,4895
6171,7101
1341,7884
3347,5527
2349,7179
129,8264
924,1853
5605,9807
261,3724
4438,6025
4500,4688
1334,3414
4463,9236
6015,9678
5655,6928
161,3493
532,8095
3880,3933
1371,9604
4509,6844
3568,6061
8151,9279
2611,7714
1513,5981
314,3442
709,7913
2233,4092
6075,7635
2255,7823
6267,7805
1522,2539
3199,7857
1979,9874
5573,7882
360,2282
516,809
6245,7228
3779,8846
65,7474
2262,2470
2982,9441
6893,8388
2385,5021
3040,8628
5867,6006
5680,9563
4806,6555
140,1582
1000,2211
1386,7616
2496,4973
7740,9657
1766,3178
3692,7214
4279,6516
5306,7551
4325,6632
2852,9223
5135,7669
5615,7074
8894,9457
6676,9908
1172,1621
6428,7591
1992,9762
46,7703
9688,9732
1777,7393
2037,2365
6892,7991
3571,3662
5136,9705
6877,7868
2455,7722
1849,6451
5804,9117
2922,8356
4463,9841
3749,9037
631,8743
5268,6333
340,6086
7731,7864
632,9641
62,9754
9327,9810
3367,7659
4215,9217
6682,9736
5008,8099
1510,8567
4036,6771
4261,7118
8883,9281
2643,4632
943,1811
7408,9318
2984,4107
6227,9048
3684,4747
9561,9869
9442,9689
4595,6590
545,3872
4877,7508
606,9975
4525,8746
4329,7639
8114,8662
8971,9774
2295,5467
7742,8790
5285,7976
3007,8184
6603,8251
3034,3820
4608,9683
1396,3863
3412,9630
3641,6255
425,7604
334,3810
967,7658
3442,6274
5854,9826
4106,6025
3357,3692
3123,7726
1201,4792
2524,7397
1376,9748
1933,8390
1732,1984
4858,8289
2055,3657
2354,8154
3488,5868
3348,9241
6428,6799
63,9295
6634,6904
3468,5630
4908,7063
7690,9394
5465,5934
2994,5747
191,3064
903,7205
7059,9002
695,4058
335,3486
9787,9821
4362,7011
4902,6467
1712,2392
1168,3460
6341,7446
7982,8640
24,8441
6577,7659
4478,5092
6871,7382
4842,9755
4625,7771
1225,8545
701,9299
7907,9405
8595,9742
2464,7221
6540,6730
3591,3993
2443,6115
4953,7987
1529,8929
459,6275
2804,5828
1309,8660
2580,6120
7468,7722
6463,8432
3822,7797
7684,8286
8164,9677
6877,8486
4334,4976
8195,8761
2305,7578
2922,6988
4424,7084
3997,9757
4685,4910
2867,7466
1530,9652
5952,9569
921,5932
5387,9797
910,9944
781,3414
95,5072
3212,7622
1939,7083
6966,7080
3962,4178
2113,9865
659,6053
2155,6600
3529,9894
2294,2477
2901,5895
8892,9345
4481,9294
1651,5754
3901,6275
7127,9549
308,9623
2906,9393
1724,4283
5961,6598
2702,2918
1055,7571
4188,6453
1017,2849
4423,9245
7668,8560
8724,9101
5665,8707
548,7245
2296,4630
134,6410
798,9608
7892,9473
294,7594
9036,9861
1166,5079
8392,9530
1315,2664
7691,8665
543,9503
111,7594
2822,8473
496,2746
538,3911
426,3441
1000,5662
91,8295
3250,8361
934,9509
5612,9352
4423,7501
4485,6689
1090,5592
2411,3361
6607,9388
6163,8408
2455,9066
1103,4070
3816,9977
4291,4837
1927,5005
7888,8024
1997,5478
4331,7390
439,1286
1490,9848
50,1999
1127,6763
8596,9952
5380,6871
2720,4008
3526,9706
2041,8796
2079,2901
2531,4459
3381,3875
6147,9645
2243,4995
1312,5617
979,9120
4991,7153
3425,9287
7004,7724
456,6046
3472,8544
2658,9788
1722,8117
2670,4658
1517,2235
1642,5384
1234,1883
4122,6596
2916,5064
4335,7643
381,5350
145,6571
2132,6416
4876,8226
2257,5135
3361,6619
2998,6567
3323,6098
1477,1762
5305,5599
6576,9475
3255,4651
4528,7893
2981,6105
1845,5312
2003,8638
6743,7373
5097,6774
280,9482
406,1219
4955,5378
2312,8346
3100,5652
1001,5337
1570,7709
2604,3499
7234,8549
744,1214
793,8017
7099,8361
1302,7894
2133,3621
882,2087
3249,4176
705,6857
640,1278
7408,9052
5846,9908
2355,2687
4186,7388
2128,4859
4029,9656
3098,3899
3786,5468
6936,7966
7595,7602
2180,8698
117,6054
4396,6151
4566,6562
9270,9612
5266,7239
3148,4659
6181,6572
1630,7736
2161,7372
1013,6047
3874,8671
5693,8474
4397,7729
1453,5336
634,5233
4600,6331
5739,6604
4727,6143
7218,9197
6101,7222
1911,8365
4161,4419
2216,8183
3114,9333
4420,5582
4476,4696
5193,8952
408,4782
995,2098
6058,8464
1665,7033
302,5029
3927,8803
69,6255
1528,1551
1084,2557
58,9809
1500,5653
1364,4597
5546,6717
2580,4336
2248,3597
4887,7569
7896,9125
23,3106
2560,6838
3692,5940
7157,9725
4304,4481
5713,6601
393,3090
1162,8519
3570,9626
1920,7151
1192,5658
2310,5091
3487,7642
2752,8176
3757,5251
3442,6142
1941,6685
7469,8684
6070,9992
2097,4983
53,6553
2782,5574
2066,5404
1598,1852
4220,8395
6240,8188
2838,8364
7760,8567
1530,2391
1497,4429
3086,5204
147,5104
4887,9797
430,9630
4365,6948
313,1646
4435,5472
1617,1986
2418,7899
3099,8526
8030,8320
2686,4415
955,2052
335,2307
1866,1909
4834,8860
1201,6888
1822,7235
2259,5812
1560,7760
634,6777
2105,7560
3003,8939
831,7062
2858,5811
6917,7137
6001,9353
104,6733
5319,6515
2237,3663
5057,6286
8140,9969
353,792
5457,9603
89,7098
5918,6551
2268,6921
543,3518
2860,9425
4130,4785
367,7493
3603,9240
3852,9944
3241,5626
4621,4793
617,8836
6792,9414
1191,3180
917,6324
994,6544
2004,8164
5230,7237
3843,6862
1952,5493
1005,1189
4269,6970
8697,8853
2959,6815
3138,5060
2785,5467
1265,7946
6597,8313
5217,7648
1382,9928
4500,5792
6119,8688
367,3534
769,9701
1232,4507
3503,6097
2118,6320
4067,7896
5330,7710
1113,2600
2914,3258
6277,7261
4184,7663
612,1500
6090,8337
2057,7249
164,5016
4389,8297
1139,8372
1127,2885
1159,5052
1836,4742
2010,6615
6091,6468
6297,6573
5373,7420
846,7975
3602,4655
5181,6432
9,1853
3016,7941
1459,9895
1237,6813
7312,7719
3549,8441
1550,2843
952,7849
3626,6180
2944,3608
1609,7624
4678,6979
2088,9810
1990,4283
1290,3414
4244,8444
2881,6477
3686,9614
5001,9884
1809,3713
2805,3449
767,6756
696,8273
1219,8314
804,4837
2645,7368
7218,9144
988,5183
4924,6604
927,2958
4604,6922
8425,9817
841,1457
8258,9411
2389,9105
1240,9605
610,1561
1862,9588
4962,5583
1398,7912
2998,7119
4383,7862
5599,8355
2701,8064
3455,6311
645,4147
4805,7033
3349,7053
2866,3701
6,1945
5052,9125
5888,7411
4405,9314
4362,6463
8037,9075
3123,6252
798,6577
122,9475
585,871
3162,5914
6489,8045
2805,6845
3514,3858
520,6074
2455,2531
1580,8454
5532,8422
3933,7639
3241,8809
163,1757
3399,9920
3664,9171
3351,4510
3013,3468
3706,6135
6154,8590
275,3166
7754,7797
457,5092
844,3323
5645,7437
1347,9801
2326,5921
6326,8818
7064,7764
5906,7212
5014,7570
2796,3066
6304,8241
3754,7236
2928,9409
2706,4112
906,8523
7289,9279
3354,7531
1842,4532
1286,4314
2509,3009
1733,3542
1454,6076
318,7535
2665,7686
3682,9053
218,5870
4648,5648
1170,9471
3878,4912
2355,7911
296,313
225,6031
9309,9459
3538,5517
3104,8443
1059,2406
8547,8614
8318,8791
4911,6408
7693,8702
3233,6049
891,3761
5999,9833
3255,5579
2854,3020
7960,8265
3287,6551
3485,6041
3260,9306
1228,7998
1705,5442
5359,5716
3067,9436
4894,5128
9247,9604
1176,5098
2881,4062
6528,9544
6841,7826
3598,9072
876,1130
1994,8699
2382,4085
7352,7483
1538,6847
6802,9002
653,8147
2490,6247
1098,2347
4864,7063
337,4649
1266,3126
2487,5949
7647,9996
1002,9240
2614,9962
3134,3316
1188,2011
1007,1182
6733,7855
2834,6996
2569,8233
2648,4362
2985,3193
1542,2014
2589,9380
7080,9131
2328,5138
373,3030
8566,8990
44,576
1773,4098
5768,7883
3870,5572
6719,6910
3651,8386
3391,7789
2321,5135
2097,7642
1421,5107
2047,8013
2174,5610
7991,9927
5417,6313
2962,4902
5677,7472
3858,7440
4245,7849
425,8266
6576,7275
748,7495
3046,4492
5690,6364
812,3952
4363,9009
657,4078
5075,7488
2446,3975
932,1573
2377,6319
3485,4310
4030,6096
7669,9768
3937,7854
8293,9861
1316,4919
2503,8121
3642,6216
4667,8602
4355,7320
640,6999
3553,7864
4719,6025
6441,8339
2284,3509
847,8497
4761,9405
3854,4005
86,2397
1509,2200
7460,9486
4688,7614
2028,2765
405,6580
6675,7230
4295,6636
5907,7129
802,1557
1161,8549
6080,7057
4287,8209
2967,5609
8787,9443
1380,2436
2240,7495
5079,5405
3701,5604
4659,4819
357,9693
1501,3894
1937,8662
7150,7846
4373,9794
2656,5609
531,6288
4578,4601
54,2458
5492,5961
158,8931
1648,5755
1085,8796
1949,6686
4569,6444
1916,4523
553,8935
3769,9572
4870,7338
7695,8319
6217,6365
7027,7631
280,9042
3809,5938
5705,8176
1706,8096
2549,5109
1979,9423
6499,8414
7925,9949
2803,8143
7388,7795
5337,8423
4408,5479
7121,7414
548,2296
5425,7718
3224,5140
3537,7586
1108,3158
4232,6650
7962,9952
560,8988
1971,9720
4063,8864
2835,3638
2664,7957
916,4156
3374,7299
4857,7907
6135,8524
4473,5995
1274,3083
2800,3536
2963,7435
3018,5156
2476,4873
2578,2669
2433,8438
5841,7259
4953,6568
5801,6140
3650,9570
5154,6063
5112,8318
3902,9525
282,8835
3090,3985
402,7439
3843,7898
372,6550
1325,7599
9119,9124
919,2747
1748,6241
4385,5185
980,6369
1620,6995
2248,6298
3263,9016
6375,9007
1767,9903
2621,3133
8978,9121
3572,7556
2412,6406
941,3408
5502,8853
5982,8029
3492,5052
6563,9472
4100,6894
5397,8278
555,7021
834,4221
4660,9217
2375,8446
2535,5466
2170,6765
1151,7311
456,1794
137,5986
1002,9174
7970,8634
1528,4265
241,1842
632,1498
2450,7987
2957,7266
218,3844
3734,8355
721,5633
8183,8634
946,8195
380,1139
2873,5582
3726,7447
4531,8406
1202,1247
7752,9350
2208,4374
2827,9078
1105,7730
8033,8811
480,2016
5722,5836
3079,6589
2369,8119
2118,6322
3637,6853
841,2372
8960,9615
4429,8479
1673,2939
5554,6639
372,2604
5760,8693
2363,9509
4653,9540
458,6175
8011,8769
1483,5380
6096,6814
3085,8861
1468,4348
6104,8624
3566,7444
2315,3695
4290,6226
771,3602
8345,9059
1509,3302
526,5757
8189,9980
2296,4621
1415,9073
518,9316
2889,5889
1194,9599
2870,5381
184,3549
3325,8405
1193,7913
5702,5732
1414,4354
3998,8161
2478,8654
3961,4307
3240,6762
8305,9000
504,5072
4447,6681
1142,2848
3423,9098
3082,4604
1651,3664
573,7013
216,1528
369,4739
5092,6045
1265,5291
3693,8585
981,5532
2060,3310
7228,9433
4919,9537
2343,5096
3089,8821
1341,3071
1542,6996
4660,9956
1312,3272
6513,7357
1478,6459
2570,8377
3190,7533
1917,2076
7290,9614
6793,8579
6072,9048
39,2366
5364,6746
1788,3093
957,2936
5896,9236
3805,8745
5206,6574
4927,7159
3480,4747
3533,8811
7034,7594
8584,8670
480,2984
2199,2849
1591,7396
4755,5591
149,4870
2912,4182
4567,5540
2810,4400
749,4340
371,9349
4486,5322
7479,8102
6099,8898
1398,5136
1810,7295
1323,7702
1318,4389
8523,9949
2269,7580
1604,6409
7583,9327
4195,4742
2321,2788
2340,5016
6395,7620
3036,7200
6212,6681
4548,5540
5098,7404
8000,8339
210,7687
3806,7791
6392,8490
6051,8197
1722,1826
1391,4207
1786,6951
129,565
1632,8470
324,740
1896,7762
2022,2468
3408,4870
2949,9917
2906,4888
2880,7868
3417,5592
2591,7994
1472,4401
1866,4557
95,9440
6313,7914
664,3181
5540,9684
2097,7644
2835,7573
1168,2714
1393,9477
2723,7103
3948,4181
23,2855
830,1672
1086,3584
7614,7727
6103,9797
2770,5377
5712,9912
6486,8781
488,4123
567,6402
830,7041
2879,7764
2769,3957
1867,5317
4128,6219
592,6166
7321,9582
565,6063
2942,7820
953,2910
1861,9703
3144,8449
5231,8003
2347,9862
5585,5791
6582,9135
8538,9401
558,7457
5004,9946
1222,2253
2615,9761
6674,7640
378,1339
2451,6657
5095,8758
291,4080
5967,6472
7732,9422
4669,9818
5003,6725
2804,7189
5487,8989
2189,5344
652,2258
5366,6484
3193,7415
3494,4374
3215,9160
171,9569
4534,6102
2727,7356
1110,2843
3677,4495
356,6316
9232,9566
6035,6993
2038,5562
2325,9527
4942,8556
2688,5149
1000,1399
7391,7974
1290,6867
4354,5124
2186,7153
2483,9066
1334,3904
5587,7247
1414,7805
1669,2433
4578,8215
1,8195
2155,2821
3182,3856
5410,8782
3624,8927
3345,9512
5704,6785
7450,7507
7362,7623
8666,9949
1725,6162
3433,4377
38,6249
3861,7298
3169,6253
1744,3142
4156,6657
5040,8138
2547,7667
5143,6573
793,8518
4754,5071
2486,5930
2673,5793
8364,8951
2160,8160
1186,2033
1494,6350
1857,1972
1162,5611
2206,8276
2204,5463
81,6740
1293,2159
6662,7777
3427,6669
4299,6827
7578,9210
2294,3141
105,4330
1860,6821
447,8231
643,9109
1152,2570
1102,2978
1010,3160
1865,3674
1777,7991
127,1086
6909,9990
1764,7005
45,1956
673,1259
8126,8907
2259,4998
1924,9852
5042,5716
633,9939
380,5329
6908,7257
7554,8866
9861,9884
1246,9644
4403,8883
623,3774
2811,5861
3919,8770
5651,7113
3560,6622
2915,3474
4604,7826
4764,4846
868,8651
8647,9144
579,4118
3607,5916
5377,6995
1294,6315
2003,7529
1287,7322
1920,3559
4236,5629
5541,7103
863,2830
7215,8474
4563,5206
2739,7045
760,7778
2216,5543
2231,4094
2776,8095
4388,6373
2382,6249
5673,8161
3646,4982
3520,8778
1989,7486
1909,5248
4223,9423
1031,9180
1716,9054
1360,1542
3959,8596
8787,9955
4360,5264
1895,8467
2802,5007
2969,3198
2359,6652
2216,4617
8439,9622
8043,9393
3631,5468
6036,9273
8076,8523
44,8338
3673,6404
1450,1556
3712,9779
3172,3907
7688,8118
4870,5864
5362,6592
2891,8812
2190,9933
2868,6650
7838,8062
5106,5848
3982,6341
2655,4785
843,3480
2362,7192
4196,8781
8647,9628
1728,8303
6525,7343
2521,9171
3340,6056
6301,7864
4563,8723
8708,8820
2253,4926
2184,3106
6175,8398
7567,8888
3716,9726
5757,6195
5330,6091
1335,8264
638,8336
2398,2540
40,8875
1322,2552
5124,5205
514,5762
1892,6317
3275,6721
2583,5676
4010,9570
8159,9823
616,3450
2484,8299
7465,7914
564,1045
5770,9638
3136,5781
4440,8336
1532,3422
6320,9287
1855,6290
7321,9892
758,2981
3225,8189
747,4549
2464,8771
4406,9368
3248,8816
1290,8211
2424,5171
5927,7262
3513,3637
551,8811
7228,9785
5203,9419
3713,4193
4368,7800
2534,4750
4337,8221
1412,1906
245,7950
49,2642
2277,6814
3533,4262
6432,7370
7840,9265
1900,8261
6389,7185
4421,6121
3457,8818
7362,9906
3214,8831
4874,8318
1689,8980
501,7768
981,8930
1717,6046
6440,9338
6486,9454
2226,3708
5204,9132
3986,4328
4512,8050
1628,9680
692,1593
867,2348
7675,8043
285,2666
472,6959
3039,5164
3825,9227
637,3993
2994,4869
1742,8102
5183,9315
2466,7867
5470,6110
4059,6132
5962,6572
1361,2977
499,7671
548,4823
5609,8376
929,3468
877,5264
2987,3553
2157,7004
5716,9899
6303,7215
4947,9159
470,8323
5191,5584
3689,4468
4778,7172
475,4991
5490,7866
667,9591
8026,8973
3688,9464
6128,9843
572,5567
617,2600
1526,3350
5882,7343
5410,8287
7108,8295
7340,7369
2128,7067
1292,4351
1675,6304
6073,7813
1579,2166
390,4479
4700,9588
2394,3510
7502,8599
6132,6407
2136,6369
4056,8439
5911,8690
350,2084
644,8452
2421,6538
3904,6621
1787,9110
2279,7357
842,3189
4104,6911
6217,9268
7371,8129
4720,4820
3498,5007
2013,2111
1772,5166
1383,8094
4678,4823
1297,2429
75,8803
4282,9024
7401,7971
3786,4656
1628,9359
6998,8786
6208,8630
1958,3343
6376,8214
452,9692
2716,8125
5146,7264
356,3982
2408,6962
4192,5990
2043,4060
4298,6645
791,5078
4321,7043
3731,3794
5057,8360
1175,7404
4308,8501
2580,7833
2749,3175
5448,9413
4963,5463
5880,9861
6368,6646
4475,5645
4652,7264
879,5312
4437,7339
9478,9974
4258,9848
3299,4258
6988,8754
3648,4146
3068,9758
88,3507
2243,5151
1410,6116
6788,9568
2958,7082
2154,6799
5743,6449
8191,8904
801,7994
1501,5187
207,839
652,3441
6775,7010
4645,5130
713,9049
1222,9155
3875,6646
2306,2847
6784,7769
605,8698
2157,9140
2530,9651
2090,2734
2767,8840
1554,4417
248,3701
3988,9677
7450,8798
600,891
2544,4072
682,7605
1881,5714
1306,3268
5440,8905
302,8552
5174,9429
2843,3358
2247,4990
210,1086
3495,5206
5850,9419
3914,7782
3188,5463
4207,8300
8532,8779
1213,6086
5799,8555
7204,9509
3367,8030
3718,4581
6752,9348
1561,7708
7163,9885
1011,2811
1453,3156
1494,7883
2536,3793
1636,1816
3805,6842
1587,9279
7757,8759
4044,6858
2932,7442
1110,3463
2696,6411
8174,9047
4191,7551
163,1374
3647,4943
4130,5851
1160,8424
1812,1934
344,9033
3818,6222
3594,4528
7486,8417
2675,8688
8583,8693
4037,4051
821,5925
229,6050
2985,8621
5152,7121
6193,8845
1343,3297
2351,5302
3278,4938
1401,2484
5406,9926
3021,5016
3387,7325
1515,1539
1294,5512
251,7916
5848,7763
2525,4556
2604,9050
931,4642
8630,9276
4633,9831
3337,7854
6663,8097
689,4062
5680,8566
697,5643
3396,3738
3829,9255
4305,9184
778,7702
7347,7682
5285,9878
6257,9745
3542,4206
930,3077
2838,3861
938,9088
804,3904
3031,9625
3913,7798
2213,4977
6079,9860
3331,8345
7314,7626
2999,3442
862,4784
5232,7894
4950,6747
1938,9589
412,4440
5005,5636
1392,1687
5373,5803
3511,5135
4749,7107
5638,6488
3133,5448
3864,7653
2783,3120
3333,7465
1224,2261
3806,5433
5774,7251
2128,6343
1897,6410
1236,6930
3772,9986
6167,6953
5169,5636
8071,8786
4048,4148
5462,8598
4915,5985
2554,7848
4114,7922
8558,9776
2618,6328
2886,7540
1496,3972
7841,7920
1292,9575
1621,1937
1589,7583
8294,8427
5558,6966
1143,1346
1349,5652
2942,9542
8695,9939
1095,9411
7097,8297
4005,5777
194,7734
5634,7900
1491,2214
1389,8582
8039,9490
6578,6685
616,3936
3484,7731
309,6903
27,7742
2205,9141
3340,9938
3626,3879
4971,8458
5487,9543
5394,8332
6543,9064
1340,2691
5660,9205
506,4414
4625,8760
1679,3554
1262,8598
1017,9770
1464,6783
719,8615
2842,3137
478,1319
1974,9514
4495,5388
694,1617
6440,9703
3331,4762
576,9475
3780,6574
6085,9246
3294,7849
737,7851
1019,4568
6082,8911
1530,8655
1917,4900
4966,9524
730,1432
3956,6921
3352,8204
1254,8491
3434,6287
5468,6015
2329,9045
4636,6128
2143,8360
3003,5054
3698,5350
4035,8907
841,1384
2735,3024
3251,4072
3003,5993
527,2914
3820,7154
2013,6422
5490,9278
812,3019
5958,6414
700,1566
352,7464
591,6992
4187,5864
6835,7212
6033,9971
3029,5083
3171,5661
4401,5335
2410,8229
5457,7825
1369,2829
1374,2944
4734,9416
2349,8707
5050,9127
545,2567
5944,7125
183,1397
926,1441
4618,8423
1077,8026
2118,2543
4447,7558
1332,9713
534,3317
3880,7447
119,365
1863,7659
3164,3564
3201,8061
5343,9766
2084,6315
7170,7444
5420,9232
1726,1911
2821,5790
5161,7022
1769,5930
2973,4383
5557,6433
5631,8597
4012,7458
1536,4416
908,2861
4722,9540
2287,6795
420,828
3122,9057
2430,5797
1613,3323
3596,8159
2810,5035
537,5550
4869,9186
270,3220
2296,8197
5035,9892
317,4729
3257,7646
2674,5110
2109,5338
3637,7409
4259,4423
6470,9934
49,255
1583,7214
2180,4989
5275,9729
259,6895
1164,7001
1733,7912
1709,9275
465,4519
6548,7760
2623,7895
3270,8231
495,8828
4046,7469
6643,9983
9141,9815
487,1770
1971,9137
5226,6696
3660,6844
3760,3813
5740,8903
4597,9908
9074,9761
366,6095
3084,6913
6680,7017
522,2407
4486,7825
575,8420
360,4294
7231,8288
1090,5079
2380,9722
4116,7770
986,8405
1172,7363
8761,9651
3417,7503
5340,5643
440,2718
1868,7066
603,8603
4271,8058
7583,9386
601,3575
3062,5060
2899,8974
146,3934
953,2485
1469,1584
68,8444
8034,8275
3782,4339
4480,8582
648,7972
7258,9222
3920,9413
5375,7448
210,7746
5418,7818
676,6499
1304,6327
483,8844
3384,4185
9262,9421
4097,5784
723,5564
936,6840
3598,3885
5088,7125
3061,6161
2780,6636
5380,6250
2871,3785
653,6222
1324,4212
596,9889
360,6643
7541,9631
568,1196
276,8901
875,3302
302,3669
1830,5969
95,1915
3348,7507
576,6160
560,5398
1303,9643
835,1136
444,9387
2732,3747
646,2139
3390,3424
3782,6688
6182,8163
7882,8769
7591,8297
5225,9587
4688,5447
9371,9835
2635,3262
3782,5641
272,393
5863,6582
7298,9657
4607,9659
3623,4830
3024,6228
3941,5405
2795,8354
2232,4979
4504,7733
4619,5734
579,3667
947,6803
964,6218
4013,7910
8584,9576
3604,9139
219,6249
1463,2145
843,6867
6447,9908
3527,7872
4007,7048
3408,4245
1942,9993
777,4298
6952,8323
3007,3672
2893,8000
6057,8410
1797,9080
749,1984
186,5025
2973,7700
4157,5006
4320,8676
344,1935
221,9449
6073,6139
2062,7779
1420,9773
4137,9494
1138,8626
3805,8267
2509,3809
2237,3350
6946,9676
1067,3727
2951,9109
688,5128
5082,5966
1467,8801
3334,6137
6071,8466
1690,4120
4233,8155
1306,7392
8166,9830
566,937
906,9673
772,7229
1902,7682
7946,9009
1948,7798
7187,7974
1600,4348
3353,8981
1944,6861
5445,5910
2883,3582
1181,4889
419,4337
7810,8330
5154,6929
5060,8728
226,7820
1628,8732
518,3269
2591,8550
326,2281
3969,5843
1429,9461
362,3106
99,4224
632,6902
6179,7194
5291,6503
263,6547
1201,4615
1173,4782
2002,8276
3296,3993
2537,9374
5419,6688
5200,5301
625,1651
1423,8047
473,8198
4994,9784
4259,7874
1635,6654
2337,2496
788,8475
3932,6432
3782,7656
607,2132
469,4642
3139,7964
4543,7525
8632,9188
1781,6829
4623,7225
733,1719
5005,9276
4764,8396
1404,4398
1658,9913
4972,6884
658,6500
1857,8810
2433,9909
4489,5195
4790,6355
602,4161
2682,8398
2030,2322
4297,6193
609,8486
2223,9806
1753,6888
387,1203
2986,6796
617,1665
4739,8231
2287,6529
635,4459
2703,9396
3007,4411
651,8833
7831,9933
4261,6620
1217,2828
2111,2287
2336,2405
2605,7225
3293,6579
1784,9476
3348,4071
2792,4836
1897,7138
1233,7912
2597,3614
6549,9732
5996,9031
2004,6483
5128,9975
3571,7728
5224,6007
4343,8244
286,346
1722,8490
5094,7883
6897,7153
897,5869
7576,9656
2890,8683
5863,9562
3924,7213
6921,8678
2229,6722
1095,2326
4503,9778
2036,7081
2402,4398
2120,3288
8272,9810
722,7450
1704,9466
806,3886
6343,7920
7161,8552
263,4132
2575,9695
4564,8189
1644,6153
833,7402
2156,5281
721,1748
2825,7362
7926,9294
2769,7467
1222,7857
2368,2693
4152,7871
3811,5592
8668,9867
972,6699
177,6953
3429,7513
2135,5114
4002,4894
677,9491
4450,6747
6172,7112
496,1751
4952,7668
4134,9665
1643,4359
5550,8526
6620,8699
59,7348
1468,9202
2108,7842
1036,2375
331,3111
3923,6183
984,6120
4456,6683
1481,6926
909,4256
866,5606
7096,7352
1870,9367
721,4205
31,3758
32,6841
6,9592
4659,7392
2018,4542
2418,5910
6075,7421
170,5206
2959,3524
982,2906
6947,7121
2640,9665
3725,8692
6077,9187
9160,9938
1211,3143
578,7660
4154,8051
3324,4332
2469,5767
3613,4169
1734,4086
1918,4432
4524,8227
1613,3567
532,7665
5079,6005
2245,8210
384,3751
2930,5051
2718,3411
3184,8314
3657,8763
5166,5637
1773,5892
665,4932
2079,3195
3694,9584
1232,2276
321,8017
1899,5479
2303,9733
1126,8939
818,6837
608,3580
1249,7060
1003,5570
14,1794
7006,8064
1856,7179
2785,5693
3824,6028
1766,6239
7647,8999
2650,8622
3753,4054
9224,9949
9351,9724
3934,8761
1823,9109
980,3236
6991,8816
396,7615
2822,8096
2705,5296
4813,7188
1363,4169
7403,8760
2384,5655
197,9620
7241,7715
16,7101
4433,4688
5104,6842
4195,5274
3869,9719
5548,9448
1517,4757
167,7913
1239,6735
4174,9537
1077,4687
2106,4105
1230,4700
3406,5235
2404,7411
1874,1998
3296,4545
3295,6572
5492,5769
3224,5874
5206,9576
2563,8343
2828,3393
6298,7559
3054,8351
3621,4234
4806,8824
2215,5566
5783,6820
1127,4292
1170,2676
2525,7943
5063,5447
9660,9795
5713,6532
460,2257
2886,6939
1258,8387
2125,8238
3028,9503
1629,8596
6861,9779
493,9789
2413,6197
4223,4423
799,2625
4269,4539
2297,4265
4064,5827
1478,5165
163,6881
2131,6218
5399,8412
1831,5697
1741,7201
1492,1801
9161,9976
793,2968
1075,4078
505,1518
2113,6965
8818,9758
167,2691
3933,7636
3260,4618
1386,6865
4263,8036
505,9102
1957,9606
7464,8742
1480,1804
9609,9735
8401,9591
3033,3114
2527,4740
870,8934
6090,8831
1477,3721
1838,7147
418,6824
5406,9367
3145,9219
5614,8313
2699,8378
295,1765
2877,9404
3168,4921
1533,9894
7751,8139
1973,7685
2902,3984
1448,8803
5080,7103
8703,9525
6031,9540
1943,6530
3180,8129
6103,9416
2928,8588
2243,8485
1604,8269
3376,5974
724,9876
6577,9686
2214,6471
4992,7340
6530,7130
675,4507
3565,3631
84,3285
347,8354
2071,7331
412,7022
937,3460
2356,6002
955,3514
874,4572
4428,6894
2236,6351
4280,6767
727,7299
2351,9078
6590,9517
926,8411
141,3940
886,6797
5913,8780
2673,8311
8285,8961
9066,9526
1033,5504
2662,9613
3942,6893
707,5519
4736,5707
2403,7403
1253,6712
1379,2650
3419,3819
1189,6956
4749,7366
4248,5098
9377,9832
7016,7531
889,2234
8074,8633
4282,6439
7384,8186
7547,9116
1745,8342
2433,7696
599,4646
1944,9454
6378,8671
1519,5784
2771,9906
1685,8476
3202,8143
5468,9389
3529,4108
3793,7564
1227,8766
5105,7765
2674,8926
3739,9021
2697,3433
2683,3498
2242,6007
5179,9407
1968,4455
7236,7547
214,351
7242,9247
6003,9036
1442,2130
1261,7488
8624,9958
2425,9511
7903,9932
6108,8271
487,5586
9009,9799
499,4657
3532,3830
5646,9674
4545,5455
4223,7390
7055,7327
3966,9720
6335,8206
1765,9357
2574,3339
3444,4885
966,9906
792,3603
2848,3090
4551,5391
4537,5227
5015,6020
6229,9850
32,882
2533,2934
2751,6540
1965,2184
5106,7077
5255,6611
2447,7068
520,4019
2906,9797
122,6373
573,647
3938,9486
1326,3365
3134,9166
4168,5747
1064,3136
1544,4527
2767,3222
1335,4353
6820,7214
46,349
3994,4776
1055,2498
8369,8819
1602,2667
3807,6118
1171,7813
3803,7167
2803,9187
3221,3284
1663,7228
4133,5766
3497,7245
1088,3964
5558,9816
8056,9648
5267,6863
6848,9504
7390,7572
2347,2878
5100,5703
321,2516
2196,3877
3216,6710
2703,7091
2054,8897
5583,9994
3730,4450
3043,3520
1835,3376
1370,6171
5037,7461
21,655
57,2069
588,8350
4645,5136
4586,9925
5004,8452
711,8191
5604,5973
1996,8555
7899,7920
912,1765
2818,6906
158,6258
690,7085
4022,5130
276,9697
6904,8594
680,5845
5244,8326
433,4921
677,3332
6095,7149
25,1191
2860,6270
1298,3679
550,6674
151,6928
959,7596
4206,7546
33,8599
1384,4096
709,8882
5451,6000
7037,7524
15,6744
1629,3900
1338,9578
3302,7261
1120,7140
1001,7714
590,1498
2186,3444
4701,5660
2316,7166
3257,6966
1154,9124
1359,1945
3053,8893
8457,9365
8531,9314
5957,9901
1067,3234
485,4801
2517,5880
1877,4271
1863,7342
6188,9770
3793,9834
1219,8997
4283,9469
3023,9135
1287,6391
6599,7045
960,9416
114,2040
3833,7139
3310,9084
2706,3722
1871,2628
44,2735
9121,9422
102,2151
759,2192
5370,7229
9494,9667
5078,7057
355,1550
9147,9559
62,8387
6447,7792
3747,9960
4416,9301
1119,9301
2301,6009
1367,4936
3110,4192
850,4646
1071,9489
3105,5016
3139,8276
1040,1545
2060,2355
3866,9544
1242,4123
956,6506
8822,9331
2379,2522
6159,7402
8096,9870
2530,9107
711,6823
6805,7742
8716,8797
9026,9511
7274,8486
2245,7662
2391,9177
4626,8895
3757,4016
4323,8857
2113,9169
6089,7279
4076,8199
1932,4398
3055,7881
1331,6689
5800,6358
6717,9736
4382,8619
270,5023
311,7010
6446,9687
208,3327
8090,8900
368,2562
218,3520
708,5599
1427,4532
3328,9329
4187,7104
7607,9426
3827,6532
7368,8915
1327,2904
7550,8663
783,8927
4265,9912
2028,7152
6771,8107
2874,3645
2910,4093
303,6718
3035,4502
19,2758
3386,7994
3728,4725
2559,5970
534,5604
2103,9662
6392,8461
2707,6393
726,3559
2791,3997
158,8178
3267,3468
3273,7420
1606,2561
1210,8748
5346,6285
2674,6337
5805,6836
3014,8886
1712,6865
559,2227
6863,6891
2802,8185
187,4570
2028,2146
1945,8793
2086,8503
2443,8252
1750,6110
4229,7878
3320,6835
1853,8157
4009,7582
700,3519
2264,5284
538,3228
2470,5352
3553,7716
12,7319
3477,6674
4115,4450
766,6209
3350,3829
8298,9720
5714,7633
1471,7718
471,4571
2823,5103
970,7436
3874,9464
2167,9902
373,9432
4111,6667
8211,8748
1695,2215
4640,7462
2536,4780
1491,5603
1177,1471
671,5046
3539,6626
3143,6626
6608,8196
2146,4487
2182,6130
659,4928
1034,4805
7363,8516
3734,7481
2664,5581
2979,6639
9419,9952
7323,9346
1539,7192
537,9368
1662,9743
8279,9683
6185,9712
523,573
2895,8402
584,4461
6050,7272
1016,1903
1895,3040
610,9065
56,9445
7038,8086
2784,7753
33,3311
4317,5967
2942,9093
2492,7581
1654,2052
3304,5015
826,6330
1129,1901
2851,8682
4484,5097
2254,6477
5846,7105
378,7631
2173,7720
1440,4688
6832,7321
4511,8842
7974,9814
295,4600
6,1757
2304,6190
2679,3098
1712,4100
7095,9357
3138,5369
1560,2245
156,2455
1188,9018
3810,9145
270,5186
3253,6753
3456,7112
6451,8504
4236,9438
559,8214
3224,5005
1328,5278
2448,9473
7408,8248
200,6295
6005,7111
2956,9391
1848,6216
1646,9236
2033,7430
5856,8708
1950,7661
2566,9879
6110,6346
8374,9946
2302,9540
2111,8023
3208,8070
9238,9728
1494,8320
1950,8600
3538,4498
1327,2959
4926,5512
2627,8290
576,8918
309,8574
1226,8505
5458,7773
4496,6867
1757,3711
6877,8100
4124,5009
1789,5878
3840,7236
3088,8126
4824,8389
1133,4261
5410,7961
3543,4734
8930,9238
2846,7546
5834,9457
1772,3430
4635,4703
7293,8688
1744,7569
1713,4018
7301,8283
2879,6151
40,6026
1605,6178
3731,4152
4718,7037
503,1771
2911,8062
2794,9463
6797,9625
2843,6844
4378,4902
3294,5319
1086,5246
2256,6818
5490,8721
7434,7967
1755,2860
1804,9892
2886,4218
5945,9530
2242,8842
2118,6066
3466,3975
2447,4521
365,7785
1592,3741
3078,3112
772,7651
834,6314
4820,7061
1224,2564
5220,8200
856,9456
6265,9777
2999,7370
205,2292
3677,8251
1786,2681
621,5388
839,8994
5001,5308
1721,5935
381,3191
1867,2791
360,4300
5461,7215
2608,6172
3294,9883
5183,8439
152,8966
1456,7357
2421,9729
1915,6888
733,3764
2314,5173
2274,3788
617,1603
49,3068
1741,2507
8193,9321
691,7904
2476,7571
1179,8661
4016,8713
5280,7180
3241,4930
935,7483
2828,3034
1298,9292
775,5050
1396,5626
3037,9035
901,6852
2329,6999
356,636
8251,9154
739,2360
5417,8353
4763,7829
826,4988
976,5161
5392,8939
251,3710
1224,8646
458,4188
6841,7196
2238,8695
49,9847
579,3660
6088,7861
6556,9952
4,5940
914,6390
6201,9724
1031,4989
2151,7235
4716,8777
1454,5580
5889,9866
3360,4305
3241,4125
4934,9939
1656,5980
4439,7193
3431,8157
64,477
3563,7522
3506,6759
4774,7671
5887,6006
2721,9687
4637,8376
1892,7361
4163,8951
990,2305
4166,5987
2299,9176
1149,2069
2520,7832
2773,3848
3423,7111
8304,9757
3232,6119
4644,7719
47,365
5912,9863
1978,8717
3762,9960
672,6052
7041,8896
3597,3736
7052,9728
2396,5968
3032,5132
465,6661
937,5424
756,4366
5718,5917
1981,3659
2896,9408
1540,4182
3725,4308
4860,7320
1871,5221
3196,3698
265,8414
3303,9688
6677,9679
4733,6232
1961,9315
1169,7100
4510,8146
7624,8964
2940,8818
634,6712
3356,4037
2026,2247
3523,4214
217,9807
1946,6913
2538,6559
2846,6675
4055,9673
573,2006
2687,3124
4175,6062
6118,9284
4841,9040
6728,7752
1976,6940
1081,3092
300,3281
891,9347
2644,9062
4270,7238
321,4801
2933,4469
312,5735
431,2717
136,4755
3350,4757
1669,4955
3499,8529
6219,7501
3390,7310
5410,7103
2650,9486
7257,8631
1808,4481
2078,6291
2935,5454
352,2774
3034,7382
8106,8613
3204,5578
2013,2900
6037,8369
4373,6962
3351,6042
4790,9731
2409,6283
4744,5185
1127,6190
5726,9187
1192,8305
5882,7448
1606,9571
899,9709
4622,8871
4398,7931
1400,8419
6596,7959
2165,9979
551,4983
7257,8644
1593,3337
7790,8878
500,965
188,5574
4966,9519
7156,9235
5882,6522
5233,8099
797,6032
3379,9995
1760,8065
5991,6465
1875,6591
1675,9684
1266,2080
598,7808
2876,4190
2241,5665
7065,9763
3460,9839
1965,4269
310,696
5492,6754
2496,6120
423,573
569,4074
6310,9830
4206,4933
6312,8213
5799,6645
5785,6481
2941,6012
3367,8564
6629,7331
2226,3034
1114,4813
3435,3780
6057,6122
4362,8600
984,6689
2040,9408
5481,8406
5756,8345
6451,9661
1093,6861
7020,9589
1110,5044
1855,9133
843,8901
1184,2778
2524,9228
2500,5902
2976,3616
5949,9679
1754,6543
5716,7936
5884,7749
1576,2255
2797,9508
5340,7356
4423,7196
1711,8307
5679,6822
3970,4181
3006,6878
2753,4217
4766,7269
4521,9653
1266,4429
569,3269
1861,4575
980,2611
1248,3823
5778,8935
267,2675
7162,9012
225,2449
5601,7252
6989,8266
3991,8791
1341,4172
4579,6746
264,4740
1024,8400
3758,5587
5533,9225
7806,9198
345,9805
3230,6599
3763,7099
3119,8754
3191,6119
58,4793
275,1115
7363,8076
6205,9510
759,9041
697,5948
3441,6001
5953,9932
4754,5178
7966,8783
1070,9162
4320,8858
1051,8920
4002,4082
7021,7292
913,6475
3953,7344
1908,8312
5003,6148
5761,8715
4474,8278
6478,9753
2077,6283
5831,7956
280,7996
4000,4194
4846,7103
250,7824
1074,6019
704,5025
1704,7620
2363,2826
1919,5064
5726,8061
503,3988
6600,9342
1089,4314
4671,6698
8144,9849
2728,4415
2995,7388
3172,7021
931,1109
4638,6413
3619,7188
1414,5134
423,3527
1722,9222
2021,7569
1341,7810
6284,7133
6439,6778
1420,5888
5212,5638
1275,9405
4725,7994
480,7481
7314,7944
3764,9942
7475,8801
4908,8344
145,5690
8918,9485
5439,9966
1528,8575
1346,4626
3460,6498
4002,8767
397,8880
411,7795
2536,7870
7314,9112
3155,3418
2718,3417
5212,5988
2055,2844
21,901
685,2113
2211,6767
2852,9015
3318,8256
1876,5959
2855,6051
3876,7766
3210,7676
498,2142
2110,4850
3844,6501
4045,4047
8731,9901
1181,5555
3769,3883
2449,3498
3732,6970
7224,8643
4609,5028
5434,6831
7085,8713
108,3771
651,4464
5858,7280
2305,5597
5199,8398
2735,5181
586,2268
2955,3198
131,2856
2402,8647
294,8741
7345,7778
3732,3829
1903,5967
4231,5876
844,7609
4882,6597
4947,9695
503,634
4770,7847
8582,8973
1715,5623
5963,8622
1949,7776
1204,2438
4049,6515
843,9077
7894,8306
1964,9481
314,2576
319,2920
965,9188
4420,5640
5758,9277
5295,5840
1300,7222
2387,9291
1205,4181
3175,7829
3385,9625
3271,6076
2188,9347
2148,7962
3295,5652
3895,5122
550,4142
2597,4038
88,1573
3946,9490
1388,2208
3363,4968
1527,3306
1690,4236
4463,6747
2968,5378
2398,9426
5292,8026
1579,2944
2670,7670
5723,6263
4675,8323
1442,8042
6136,9815
1478,6689
1746,7672
170,2931
669,5796
3640,6831
632,2696
1561,3196
2426,6384
6288,7590
7735,9965
1254,1467
2131,8910
1291,2783
128,6088
2934,9005
9377,9812
1227,5013
6182,7837
480,2046
1824,3017
2814,2938
5878,6150
5019,6160
2438,5576
3009,6560
266,6143
4911,7566
4388,9676
799,3115
3997,5361
3429,5843
3921,7766
3,7382
1033,8651
7377,8055
2716,3426
1174,4197
1229,3867
1344,8055
3558,4681
4298,5208
1698,2625
5331,8209
8897,9602
1373,6477
4145,9581
1970,2266
547,8650
2388,8441
3843,5981
6169,8261
3982,7079
3360,7261
2772,9491
590,2725
3917,4856
1663,2644
7251,9353
5501,8926
5471,8791
7549,9986
400,1783
481,2674
5547,6534
3926,5026
1161,4096
2623,5059
5720,6462
2520,4143
641,6275
6332,6989
1982,4733
1457,4094
2229,6596
2024,3158
5661,8218
1750,8813
3854,7257
4353,4460
5146,8297
282,2851
3311,7503
3046,3556
5716,6878
991,6923
2250,8052
1932,3047
268,6070
435,2800
1802,9353
1745,8819
353,8100
2158,3804
829,3370
4808,5161
2924,3980
5014,7481
1153,1481
6911,8372
7031,8666
4023,8503
5754,8459
5506,7125
450,9322
4949,6719
52,8229
3806,5243
5132,5379
4175,7032
4801,7723
1045,5186
1143,8498
628,6066
4793,9296
574,4783
526,1625
1365,5807
7383,9885
5121,5634
6022,8516
3264,5310
3525,5351
2954,6316
1189,6749
5580,9302
1657,2424
4119,4548
1574,2655
6962,8027
3015,6942
4768,6391
6239,7174
4663,6863
7421,9480
3514,5313
6709,7288
3479,8510
48,9934
3336,9922
7343,7345
1878,9603
5486,6792
5981,8949
3787,9794
4947,8729
3286,9283
4220,6414
610,6412
1718,4137
1716,3539
8517,9009
800,9919
1542,1925
15,9649
4258,5888
1417,6360
2012,5523
1785,2851
8150,8434
7518,9389
388,5437
3853,9222
4450,5011
384,5961
5869,7553
5611,9015
3285,3288
3314,6204
8334,9948
4707,5347
3733,5370
6093,9927
7557,7812
1283,9635
4308,4554
1608,2787
4791,9626
2179,3542
431,8143
3207,6199
6354,9180
3604,9807
5513,5568
969,1524
394,9658
2450,4944
8060,9951
6020,6567
8309,8440
1396,4220
4587,7473
1419,9802
760,4504
4600,7412
1799,7579
1355,1415
3099,9941
706,2992
5222,6937
1780,9929
2382,8802
5362,6688
23,9085
14,7279
1345,7759
8434,9266
1638,2642
2178,4084
5194,5828
5089,6300
808,1138
2203,7524
3562,7837
5957,6753
7317,7705
6355,9014
4906,5775
111,2903
364,1097
3751,7214
1644,3746
3146,6057
5885,9738
694,4126
8947,9383
690,6636
7006,8422
3010,3954
5169,8521
2832,3130
1569,4511
1235,7375
3014,6059
4700,6730
2845,7004
1148,8655
5965,8805
1720,8063
273,992
6260,8201
806,1721
4004,5162
3598,4474
4871,7487
5182,9106
2428,9991
9363,9540
1330,7504
2016,2584
4426,9473
4392,4870
5063,7549
921,7686
7053,8897
2466,6203
3909,9368
1915,2128
788,8096
7455,9843
3532,7166
1687,5913
3203,3729
2225,8706
4431,7723
176,1567
1685,2605
1576,5816
8594,9106
77,9172
5046,9716
5528,5555
2752,7176
8447,9581
955,8623
986,7973
2605,5436
358,4203
4950,9190
2212,6673
254,1113
1955,7017
4579,5756
7903,8141
4816,7160
2140,7965
3095,4253
1032,3595
2057,7967
7325,7383
8211,9425
5430,8487
2002,9199
4197,5583
157,1530
3469,4844
1831,4887
2944,3976
2314,6024
3828,5191
2088,8421
2076,4166
5698,6208
312,6773
2084,4515
9,356
5461,5972
4036,7062
194,1304
1567,3730
6513,6542
2781,4628
2688,6615
3725,8863
3148,7539
5591,9650
5479,7194
1750,5285
6098,9417
2712,7911
907,8006
8229,9721
5753,9648
7072,8347
2722,9767
9518,9938
9191,9580
2708,9603
3131,6259
2928,3456
3794,9757
2455,8376
1514,2160
6063,6319
1058,1651
2821,8433
1186,8747
775,6961
6950,8771
2292,8843
2033,3664
1615,3676
2047,4730
4292,9337
3005,6685
2105,4708
1561,7991
7860,9342
126,8622
494,7328
2571,6578
2850,5764
866,6153
878,3238
3431,3531
5653,6397
1138,9470
777,3866
5052,6702
5866,7215
272,2647
4317,8993
179,6391
2536,2800
7838,8923
1482,2342
1036,6197
1411,8060
5070,8678
4012,5095
8277,9724
2616,9101
2435,4825
892,2247
5587,7921
453,628
6961,9000
3427,7559
1090,7601
1837,4906
1,6883
7736,8996
193,4838
1162,3010
2053,5433
8756,9614
1832,7420
7871,8174
1634,7435
2047,4864
452,4311
8414,9096
5582,9913
3593,7218
4097,5031
1335,8536
260,1337
2615,9751
1625,4848
4455,7893
1877,9004
693,3821
2813,4784
2068,3876
5500,5535
4825,5854
8500,9220
6179,8038
67,7745
3185,9207
3245,7272
828,6116
2894,4076
75,6818
1599,2472
67,3665
1798,7785
3427,7693
2085,6566
3148,4077
3724,9377
937,3255
3760,6819
1124,3118
1201,2318
960,1209
113,5245
2468,3271
8092,9408
2457,4573
1512,7549
125,7699
3566,4711
8373,8640
5326,5331
7237,9833
1955,4628
2189,8730
5344,9586
1669,6974
6638,8686
1134,4600
2954,5500
683,5896
9373,9922
1189,7919
6714,8452
3157,5307
2794,5255
2593,3050
5447,8896
1844,4881
1114,9731
1193,2147
57,5326
1928,9426
426,4900
5961,6084
1396,9565
4269,7059
231,5627
1055,9043
2257,9601
48,4459
1969,8151
1797,7401
7468,9449
6206,6302
3968,4623
5015,7559
2329,9891
3489,4625
5396,8190
403,5037
2977,6436
4095,9804
4249,7467
2766,9370
7294,8222
2459,3706
3758,6183
7932,7984
5010,9551
1404,4329
4442,5832
641,7016
1510,4496
4025,6712
1228,7227
1770,9267
5753,8548
3822,9995
6089,7945
365,1604
1576,5200
7904,8272
43,1324
2197,4352
657,4930
3112,9081
340,3762
1704,7866
4545,5142
1995,4137
1243,3041
393,2642
1320,4722
1375,6607
1266,3173
1935,9455
4312,7011
2934,4995
3215,5917
900,8421
4467,5609
6784,9301
2405,3604
1522,9932
486,6337
7198,8123
5577,6349
561,3249
2267,9497
7128,8064
614,2358
1047,7838
5150,7184
2724,8689
8794,9022
3453,4634
6299,7687
1925,5074
4139,5376
3700,8712
8600,9385
18,4892
3808,8016
6148,7225
5807,9147
888,5980
1091,6568
2200,8167
916,7210
3686,5286
136,3083
1462,5434
8774,8905
6983,8440
2740,6576
2072,5622
7233,8588
3676,9149
1193,1718
6609,6923
4916,7784
4169,8264
3675,9944
609,3424
2191,7421
7872,8696
6091,9148
5568,8878
3150,7763
3619,6750
6530,8737
7527,7614
2415,9236
648,7408
3280,8223
2270,3634
1597,9018
350,1335
1562,6028
1786,5278
6094,6305
1792,9230
5744,6192
4216,4646
1093,6223
768,2262
8808,9175
4974,5493
4547,7900
6641,9857
5213,7495
3671,8495
3251,9858
2248,6211
885,9199
332,8461
6359,7929
590,6541
4047,7964
3056,7589
5389,5627
182,6423
1825,3526
5716,9634
2910,5256
7218,7515
489,1921
1796,8194
911,9723
362,6246
5675,8586
3500,7458
3346,4510
7714,9789
2922,4448
2476,6088
764,2735
4685,6571
7680,9653
2518,9468
3724,8519
2905,5447
4068,6114
73,4278
2745,5983
2342,4812
2899,7618
5798,6562
803,8998
2954,3353
280,592
1630,7464
8603,9520
2077,8678
3897,7363
3755,9939
558,8120
8830,9418
7424,8801
4540,9428
3308,4497
1678,2149
804,1127
5927,9951
533,6491
58,3229
3458,8642
3427,9292
5340,8959
4342,9857
1133,7718
3303,3749
2064,8227
5045,9950
5862,9943
7686,7875
4372,6703
2159,8501
2613,6456
1133,5624
6174,6273
7901,8968
1748,8637
4303,5556
2563,3831
6233,6853
1014,9810
1107,3622
1069,1115
3586,6144
8961,9362
9286,9647
2622,8612
253,4235
4819,7809
6701,7372
6238,8136
4594,8859
1626,7075
4499,8770
1391,9918
2050,6356
5066,6868
3046,8795
2168,8792
3987,6380
4472,5900
2414,5586
2674,4722
4733,7890
7532,9865
488,5162
2776,6167
5929,5930
762,7616
4146,7541
2854,6760
7341,9287
5519,9738
3793,7911
6021,6687
80,2563
3679,6385
5304,6817
5089,5660
5242,5902
2399,6072
6865,9708
3866,5393
1051,7611
5997,6451
4108,6912
493,2365
1637,6954
780,7791
9181,9499
5684,9374
22,5897
5944,6295
5275,5971
5710,8114
3797,6232
8096,9691
188,9084
7084,9193
358,9495
566,5997
1619,4806
2480,6303
2841,5262
301,3713
2452,3989
347,8030
1505,8316
472,4534
6925,8503
600,9149
2334,4384
2315,8306
4244,6520
2468,9568
4923,8535
5132,8874
2076,5028
5670,7237
1747,8724
2163,5670
7316,8546
6151,7052
1631,6563
7515,7672
2369,5280
3719,8217
3062,3746
2733,6954
2399,3173
4902,8304
7732,8609
992,9501
2403,3817
3951,8496
4045,7865
8098,9871
1078,3768
1023,1617
4474,9668
5973,8069
5668,9648
7067,9094
2667,8707
2533,5509
3777,3849
4644,7901
7564,9671
745,8991
4811,9475
2653,9711
4964,6041
55,5511
5211,5918
1995,7267
5104,9956
7728,8732
6982,8619
2285,8268
2518,8247
8051,8833
4235,6282
3481,6308
3856,5202
875,9572
5954,6083
226,8934
4701,8906
2062,2719
3691,6303
104,1589
4764,5993
1128,8742
3793,9468
3564,3983
3944,7651
4365,9630
1261,9271
2451,4113
3619,9288
8409,9601
233,3581
5281,9373
2652,3874
842,2871
5553,7092
1293,5776
2087,6051
4814,5706
1978,9262
3499,5436
6534,7947
6568,8992
2064,3852
8634,8901
4708,8693
3591,8179
6154,8894
9010,9188
765,7727
2191,9262
4763,9797
5126,9620
749,2535
2464,6159
5895,6684
515,2368
2414,4352
4021,8931
934,5735
449,553
4700,6479
6601,9061
4364,8516
1181,6366
1067,2292
1153,2332
7407,8636
664,5322
7419,7707
8100,8859
7062,9621
5264,9675
39,3018
1601,8120
9892,9926
1034,6023
2291,9735
3485,7729
2248,6884
4335,7936
4894,9620
6969,9349
1420,8459
6397,6908
1689,6139
4411,5450
252,8387
3492,7395
2672,9548
555,7378
4581,7295
4121,5324
1118,9935
3890,4637
1279,3881
2700,2857
7245,9984
3410,6925
6801,7792
1699,7887
5816,7168
2810,5883
6922,7264
4504,6903
6740,9704
4987,9006
3424,7210
6711,7202
3930,8479
1947,9241
6725,8268
3368,4016
207,7287
5873,7759
1368,9830
217,2084
8101,9164
5446,8631
938,9199
3514,5009
668,973
1463,5637
6502,6691
3434,6477
780,7041
5806,7890
2999,5768
2885,8635
304,6065
885,1846
1936,7439
1574,4579
7327,8615
82,2690
808,4780
1928,9012
362,4959
513,7572
1318,7740
2818,9749
3234,6658
2551,3218
4985,8249
5728,9754
740,8931
7077,9379
1431,8556
3301,9573
4137,9845
1324,3771
4627,6969
3383,9154
212,1349
1650,9125
3147,6891
6108,6484
1350,4137
285,1598
5594,9646
4551,7095
3949,4546
1468,6115
661,4329
327,9408
6419,9271
3969,6181
7883,9075
4779,5003
2743,4448
644,8297
2917,4106
3426,7659
7741,9665
289,3410
3812,4433
4908,6056
7752,9265
7996,9891
702,6703
2046,8199
1394,4072
3870,6360
243,261
3370,5256
393,4901
1594,5823
2502,3460
988,7999
2354,5282
1401,3213
1299,5417
883,2055
7426,8462
4306,8324
4308,6707
4502,9956
2637,6802
1018,3677
1888,9424
3101,9417
3949,6774
2820,7677
2656,6263
2828,9487
1983,3016
1272,7879
4250,9102
714,2633
272,2288
5483,6795
2226,3942
1376,1520
42,9639
736,2651
8817,9602
1062,7251
2806,7900
3286,6322
3138,6158
2066,4892
8499,9441
2775,6106
5560,7392
8810,9828
1858,9558
4255,5137
6755,8536
4284,4377
2606,5516
1062,9587
1924,8865
8159,9723
1167,7425
6113,6265
301,6264
2510,4761
20,8200
6728,7063
1208,1949
3582,4455
4783,7363
1107,2806
1002,1063
1076,5213
957,9951
7316,8172
5296,6127
1846,3145
3661,8656
4996,5606
7484,7756
3931,8251
7566,9744
691,2598
283,6745
522,840
9195,9652
5489,8693
2416,4429
297,8077
985,6199
4225,7193
87,2605
1513,8075
1925,4313
1323,3750
3153,9539
527,5240
398,3140
3049,4234
6550,9662
1698,2055
3549,6506
6319,7551
4032,9363
2862,3324
1248,4744
9477,9607
607,8094
5913,7277
2852,4070
1391,3746
5414,6132
2965,5933
2509,4899
1526,7088
8196,9106
1627,9880
2537,3685
2965,9087
2727,7458
6115,9333
1832,9760
5533,5716
7019,9480
3753,9022
6778,6910
1294,5920
4790,9055
3701,9091
1531,3123
2632,7076
3528,7628
935,8727
2979,7120
3865,6984
1563,3829
2638,6827
119,7121
3411,5996
4586,9898
3025,8175
3083,8116
643,4768
53,1290
791,1219
1618,8087
2626,7648
1046,5646
5182,5206
903,4843
4703,7157
3340,5190
7309,8737
2223,7379
5812,6541
1158,7055
5312,9867
8667,8825
6487,9568
2263,9178
2264,4155
7692,9414
4970,9120
1667,1684
1269,7273
6398,7052
5068,5979
2136,4872
2917,7423
996,4374
6412,8118
340,5497
3631,9395
8667,8946
8094,9313
6468,7232
8047,9238
1012,4089
1392,8511
485,9793
5516,6785
1970,6044
3573,8407
2880,7662
82,9524
4075,8510
5180,5523
159,2574
883,8755
3638,3813
1547,3322
3572,5674
6046,7889
7608,8265
182,1245
291,5847
4085,6195
3498,4678
6928,7459
1257,5182
322,8580
2600,8897
6177,6773
1542,5314
1857,2208
645,9233
8933,9869
4598,5410
895,9115
766,2060
5998,7444
4771,5072
1044,8457
770,9120
1914,7293
1301,8756
107,8547
5802,9720
5406,6751
8427,9364
4024,7245
3478,9701
6558,9474
1821,6284
1840,4311
3421,8901
2626,7206
2435,5460
1191,3636
4009,7876
1643,2750
3204,5870
7323,8001
2046,3140
1624,8106
6179,8781
3927,5218
831,3222
1168,1824
204,8722
569,7157
500,5337
3774,5390
4801,9394
3371,3953
12,7734
3928,7025
1278,7819
3613,7916
612,4760
4586,6436
369,5527
5592,7385
2038,3262
937,8199
7676,8102
3366,4225
6948,8595
4419,4983
313,4814
4413,4680
4153,5278
247,8432
1171,4579
6453,7569
9491,9597
2872,4363
1280,4751
165,7804
7467,8638
583,5348
4265,9656
2964,4595
2184,7638
1509,7728
2858,9568
2456,9265
4772,5902
2592,5662
6024,7055
5931,6827
6982,9239
3281,4423
7578,9004
4919,5548
5020,7357
6548,7442
1174,9064
4025,4059
4465,6280
2314,5775
2340,8945
204,9206
3738,6446
483,4191
1508,9583
6852,9250
1819,2534
640,7292
6064,8911
3469,9146
51,5850
789,5816
3647,8923
4839,8305
548,8642
5305,7546
3833,8561
1080,7685
3692,5175
3576,9164
1227,8378
6578,6772
255,405
8148,9520
6761,9374
3807,8279
932,3276
911,3190
9092,9288
3666,8505
3910,6650
3011,7527
917,3089
8974,9454
5020,6673
6978,7803
7188,7347
940,2026
675,4495
5456,9418
2089,4478
2242,3525
380,6304
2809,4804
4812,8565
3160,4509
7041,8209
501,8930
7111,8453
628,6261
2475,5574
659,2807
7402,8107
8257,8621
3589,7251
4552,5349
2143,3788
3216,8174
4573,7394
858,9059
71,9174
3920,7472
9164,9941
3916,7767
5022,5648
2658,5816
3418,7490
1774,5769
6729,8364
3649,5144
3461,5093
4552,6409
2301,5929
3703,6612
2839,5046
5043,6646
325,3469
3463,9074
4322,8283
3933,6256
2522,8493
3260,9425
1242,3814
8027,8788
1310,4443
1093,1476
3187,4187
6168,9357
2082,2744
166,9424
875,7669
2673,7615
1654,9622
1487,2800
4479,6136
2409,8737
9551,9582
3371,4947
4016,8886
1247,2293
3633,6381
1960,7598
2075,8339
7243,9766
4047,6600
790,4713
3140,5401
7546,8986
3607,7496
1071,8375
5343,5544
2516,3736
1184,8252
2548,4479
5858,6404
1309,2770
8552,8622
2888,4547
961,4918
438,4877
5856,6479
3017,4139
3127,3782
1852,6846
3342,7871
589,616
5902,7120
771,7975
3104,4027
1645,2352
3763,5686
81,1112
5160,9866
2901,5361
7414,8843
8243,8402
2849,8877
858,9556
1474,5624
2239,9628
145,5419
83,4312
5310,9581
5889,9931
6515,7441
405,3545
3465,5066
894,5399
5454,9158
4423,9879
1235,6631
6634,6988
3785,9622
6625,9154
1861,3646
3478,3729
4732,8944
329,9040
27,1239
679,1919
7984,8649
1494,9716
1162,8977
219,7596
2982,5713
4090,8622
2268,4909
7311,7388
2091,5505
409,9908
5426,6736
3629,6463
2846,9760
6228,8821
7776,7838
2632,4058
3332,5718
1274,3418
142,8288
835,7986
1740,4645
5100,8148
900,6883
5478,9757
4325,5119
5488,9721
2895,3879
7834,8718
666,7884
6574,7889
6078,7722
5539,9888
6017,9698
3742,9615
494,6087
4771,7047
1827,4425
211,7196
4600,7165
1341,7915
3017,9884
6692,8295
1124,9903
1807,9142
8978,9227
4692,9908
2455,5162
5373,8320
6407,9065
2509,3412
1246,7762
5611,9131
6726,6832
1206,8629
7947,9130
425,5849
7057,9561
4633,5248
5560,9314
1293,2626
269,3057
125,7250
5132,5871
4992,9732
4988,5826
6510,7823
4662,8285
1403,4605
1245,1804
3168,5569
1945,2444
217,9175
8015,9156
1984,8788
5265,7797
3605,6095
3694,9816
1285,5552
6178,7498
122,455
627,8292
2318,9078
8400,9906
1466,8044
5934,8077
2343,6102
2546,6461
3234,8030
7738,8740
790,3479
2799,8038
1388,7306
3747,4350
1083,2011
5955,7318
3698,7612
3701,7846
1650,4310
1144,1469
7403,8871
1166,7378
1040,2809
2758,3203
8031,9608
6548,9525
913,8366
2202,5954
8762,9332
2219,2925
1778,5663
1788,5856
3938,9637
3267,6463
1579,5719
2642,4196
3413,4073
5045,5942
1246,2540
3186,6511
304,4996
777,5216
5195,5657
3209,9383
91,9089
4313,4451
4717,6261
4180,5090
797,9480
71,3189
8614,9676
3414,8445
2361,5731
2987,4436
2742,8806
2963,5018
3686,6810
2884,8108
702,9485
2166,9289
8809,8989
3144,5480
64,6424
110,4325
748,2663
2420,3399
897,1968
6721,7227
6977,9139
1526,6340
6039,6641
1510,3363
7422,9260
2592,4859
6212,6303
5272,9357
6657,6690
119,1822
1043,3375
1719,6627
1335,5469
5058,6809
2867,9349
5159,9601
7856,9084
5920,7713
1598,5290
65,660
7912,9659
238,9219
649,4323
8183,8661
4289,6685
3998,9919
9070,9164
302,1017
1743,8273
6440,8395
4537,4720
1906,3312
2659,8245
2953,6248
856,7174
4823,9894
2158,8902
1117,5717
7476,9334
1793,3785
8527,9531
523,9179
5333,6963
1302,4487
2439,3933
613,7123
4345,5839
7195,8799
72,5227
6159,9405
297,1410
3077,9293
7058,9733
4145,6424
4525,7877
979,2935
320,2067
5744,7621
2170,9262
1976,3798
1819,2094
69,3653
2727,3703
540,5453
2408,5643
837,6908
532,9241
5902,5928
6244,8846
2104,5646
4032,8065
6704,7784
8782,9999
4171,6948
5907,7211
5296,9272
1741,4776
1834,8939
903,3411
263,607
2315,4782
3120,5741
5274,8732
329,6559
413,6967
93,3313
8255,9206
2040,7997
1202,2697
8657,8957
6233,9074
1666,5541
8175,8688
534,3995
1480,9057
5322,6413
7266,9860
1743,3280
43,4660
2503,4954
2864,8380
5094,5768
1319,7419
1319,5204
856,5443
4080,8873
4849,9384
2480,9437
1293,6198
6196,8374
4737,8648
2452,7123
2321,4425
4771,5492
6846,7207
2718,5818
417,9947
1241,8896
5293,7819
8812,9366
5402,6005
1620,6714
815,5526
1226,9298
2766,3499
3714,4470
2277,2288
3297,4074
7871,9687
2486,3566
2243,3845
378,1445
3263,8856
711,8973
1000,6861
444,6643
6514,6976
3226,8974
1889,8191
96,7394
1641,6894
3355,4429
3052,5411
7370,8883
7088,7736
1360,4171
4112,8020
236,988
6130,9201
3811,4416
1316,1886
2439,7813
2425,7878
1059,8380
1663,2896
4623,9929
3301,8451
2594,5620
322,9255
5666,8693
5425,7584
582,3732
766,1338
614,1964
3160,3264
3535,4373
4371,4874
1695,8190
5549,6832
113,9791
495,5426
2587,6785
6907,9135
2413,5666
159,5477
7820,9590
5717,9799
705,2203
9555,9665
1138,8915
7117,9847
1721,3345
549,9274
1296,1624
6710,8971
4074,4250
1742,4865
462,5370
5613,5662
6459,8342
4150,4245
495,6944
1437,8137
2488,7314
2517,6783
1156,3428
9263,9385
808,8114
4053,5480
5510,6328
4283,8157
2533,5744
1862,3590
1853,3770
423,9929
2200,5800
5522,8782
4175,6116
1830,6526
477,9411
6174,7018
1696,3005
2981,9519
6539,9102
1900,4232
4381,5403
3125,5511
2634,6442
6254,9118
1404,2338
53,6087
473,1011
6536,8050
163,6484
5402,6623
3256,8411
2719,8472
3922,8006
7590,7690
2533,9019
1296,1987
2765,4158
4752,7975
4055,4600
7164,7289
5383,7778
1441,1853
6851,9458
55,4820
1130,9804
2276,2654
6868,7412
3277,9409
1694,9388
4801,9264
4114,8334
984,4273
1882,2205
7826,9781
5999,9888
4569,4713
2184,8205
2643,6504
2674,5588
1815,7813
4845,6008
2713,8963
734,7481
6236,6273
570,4340
948,9396
6159,9473
7678,9738
6453,7210
147,4651
618,4273
9408,9469
2859,6923
182,4645
8161,9333
3632,6321
1108,4810
6307,8031
1095,7729
7225,8113
601,778
6749,9810
1355,6084
3399,4285
1761,2342
1001,9235
7194,8884
4042,6313
1086,1651
919,7661
4809,7946
2954,6234
2419,6893
125,8783
1698,2932
734,7844
3045,6123
598,7983
1842,2159
116,2318
2359,6061
466,3599
1646,1695
7719,9644
5091,9214
7078,9059
6820,8306
925,2312
648,6464
3447,9442
2447,4080
1470,2408
4377,7592
5914,6248
260,8045
783,3656
6471,9320
1285,6038
1180,2309
1837,7534
7194,9126
3732,7561
1788,6100
5294,9923
2980,3267
4365,6979
2611,5090
2154,4622
6703,6795
5318,7018
1342,5232
5116,8052
4232,8557
3447,8516
6308,9154
4924,7064
2746,5436
539,9725
8873,9915
1375,5005
537,8861
1055,1388
63,6992
1207,7609
1073,2196
5052,6202
3822,6299
5270,5378
4335,4346
4030,7911
1212,4196
6239,8394
3214,4615
3415,6820
8430,9466
1969,9019
598,2990
1200,2092
1633,2654
1946,7840
1655,7102
2083,7549
2601,9232
2866,8712
1787,8719
1918,3311
7685,8036
3211,9915
6425,9688
3596,7282
6182,7715
666,4558
836,9170
1878,9776
1052,7748
8999,9744
4945,8304
6483,8057
4058,7986
4376,5114
391,4969
532,4679
4969,5628
8238,9538
399,4564
1154,7880
2491,6448
1625,5287
2034,6209
6487,9640
1819,6055
4140,5022
1540,2439
4370,5713
3883,7352
2960,4159
7547,7819
249,7895
6628,9212
818,3622
4625,4892
2147,9425
4769,9552
979,3984
1231,9389
1007,9910
2339,5165
935,6358
2545,9434
7318,8871
4582,6656
4762,9512
1789,2217
2869,7545
1568,9159
7151,9108
2485,4172
7860,9339
2898,4341
5563,7548
1946,4123
2596,7157
1940,3554
3870,4622
2801,7791
44,4995
7628,8925
4506,7169
1564,7360
3152,7496
1927,7937
2767,4127
4556,8454
5471,7033
4185,9450
6322,7842
3772,9540
6520,7039
5042,7300
1279,1835
1592,6267
1053,8699
4876,9977
1280,8890
2992,6581
5798,9269
1918,9406
5820,6813
1109,6793
7377,7599
434,9364
3138,9789
1257,8879
71,8265
5520,8214
4799,7663
2141,3449
3245,7148
4819,5134
3253,8729
3812,8427
4834,9872
4366,5337
6798,9770
6488,8790
2236,7069
1620,6837
5818,9224
703,978
4584,7896
1310,1427
2224,4736
4032,6336
183,1393
4944,8589
3653,6461
5038,5972
757,5536
3143,7113
2909,4731
3428,9726
2449,7190
916,3314
4238,6562
3567,6357
3271,9513
100,5946
4454,9075
3057,4831
1582,6558
6721,7513
1652,2601
3205,8112
416,9565
2427,9767
6837,8398
39,193
5097,6673
4339,9246
609,1743
72,1767
1304,2793
954,2909
3659,4791
5009,9714
339,7480
3792,5815
967,4605
2603,7899
3833,7573
6271,8108
4111,5302
253,5198
4485,9421
5297,8316
3220,3559
3922,9981
1181,2026
1074,9511
489,6414
6072,9332
6657,8036
1998,4005
2130,5622
3190,7588
1497,7924
3040,3857
2350,5625
4330,8729
3933,8046
1202,8915
576,1579
2754,7142
3533,4894
1754,7967
319,6841
1864,7573
6129,9987
2765,4039
1350,4319
5439,7968
4838,9027
5066,8891
3184,8308
4877,7972
989,9682
1985,6937
199,2881
999,1473
1847,3031
5042,6992
2874,4066
5728,7963
1738,6013
241,4046
1118,6534
244,7727
5830,9408
2740,5500
3647,6204
2380,6914
2688,4815
248,6156
3097,5508
1970,2320
4948,5758
7159,9283
36,1318
2229,5469
178,3882
3266,9932
4226,5773
3517,9248
6662,7201
3945,6019
5870,8433
2453,4130
2802,4284
2208,7746
5220,6338
5693,8736
438,3405
3065,3876
2166,8917
96,7088
10,7802
8308,9089
4946,8169
1252,3100
1405,7543
7177,8411
6480,9237
5978,7858
83,6331
742,2769
1946,6406
4780,6187
748,4735
912,965
2837,8334
2312,3494
5593,6704
1775,5541
1529,2856
7473,8409
959,6904
1356,9987
4202,7607
6836,7071
337,8318
227,4245
3164,3481
3962,5676
3209,8327
6739,8306
4664,6362
3969,5571
3350,6465
721,966
7221,9514
2806,8324
5872,7674
7976,8104
943,3819
337,2023
834,9245
5752,7757
3498,6107
1132,5677
1106,2241
2088,4782
9445,9716
2912,2977
3564,5643
762,8029
2725,6534
2547,9911
1076,6684
6169,7523
4033,5569
3577,4535
1624,2059
189,2919
5937,7402
1560,2303
787,9964
1360,3181
849,7809
5849,7703
1487,8591
6270,9682
2053,2586
3666,8377
4700,8139
512,8160
3062,9165
1050,6752
3011,7399
623,2514
4521,7615
2844,3731
5156,7079
228,6307
2490,8077
3830,4176
5237,9633
3002,5256
6785,8155
5566,9579
2823,9162
1534,9847
2960,9396
2456,3218
2067,3931
1573,2376
9210,9579
5657,7896
4198,6184
3869,9392
1006,4480
82,6081
2241,8662
3824,6882
2179,2307
9360,9459
2221,8131
3303,9102
6677,8864
688,8870
148,9185
1937,9311
557,1476
6363,9576
6279,6724
4448,7621
5922,9870
1980,2713
1672,8747
1849,1964
188,4504
2672,9356
3512,6889
2326,6504
6942,7189
3564,6490
4758,6470
3228,8527
8164,8665
2801,8719
7130,7654
5775,8480
4583,4668
1339,1754
6472,8593
5603,6683
668,7184
5847,7309
5998,6458
2787,8905
2724,3372
1313,2411
2935,3592
6029,6158
4711,6408
2421,4539
2233,9672
2694,5866
2969,5576
3645,8828
1417,3636
6038,9361
5243,9386
382,5406
4327,6418
1515,5901
6497,8599
1313,8130
4229,4274
3749,9824
6149,6869
3786,8134
3590,4812
1496,6790
2631,3423
595,9018
2063,3905
4291,6845
165,5529
3000,9147
295,7036
4443,9868
2160,2754
4518,6484
2739,5356
8422,9444
1588,7961
3439,4764
4600,6782
7158,9634
892,7965
3913,5852
1573,8592
642,9251
2631,5530
568,4872
2545,3275
4857,7643
4406,4738
7792,8230
5247,7532
135,4724
2380,9331
826,8779
456,6765
4979,9703
7384,7617
2427,4158
486,2443
541,8566
8328,9112
5639,7763
7681,9301
2930,5947
6486,9133
6670,9442
3612,7967
1083,5587
3199,3893
243,8579
2132,2934
6987,8597
2295,6604
1591,4273
5357,7003
1379,9786
2332,3224
2437,2523
8073,9946
4668,4980
2720,6487
2565,7367
6574,7869
1431,5223
679,8328
2890,4720
15,2161
1226,8497
6016,8810
2762,9638
474,2217
1635,6450
3582,9148
3680,7993
3948,5004
567,5828
976,8965
2406,3560
2477,3211
878,5131
1363,5883
859,2674
1452,7389
7410,8676
4867,7381
4541,7625
8080,8363
900,6997
2653,6446
8637,9708
2248,6626
3380,5499
40,9293
459,8459
6758,9810
724,1523
4151,7039
1882,4061
5622,7785
2284,7259
8550,9416
8266,9657
6299,8707
3642,8101
784,4957
5543,7906
6037,7017
5591,8657
309,1466
2358,7144
5472,9194
402,2182
1611,3194
136,2706
1763,6180
8101,9711
467,3745
3342,6267
2727,9118
649,1241
5141,7081
2001,8977
1392,3271
2780,6500
2695,3423
2137,9023
4611,7037
1139,8460
3582,6370
5535,7385
4153,9340
8284,8785
2823,8304
3167,7848
7705,9603
3041,5228
2120,6575
5053,8550
1421,6308
2675,4353
3602,8944
4267,8809
568,1410
1182,5016
354,6325
2204,4889
3818,6209
6784,8361
210,6805
2799,6984
3465,6845
70,2301
4841,8522
1800,6462
6774,9336
1394,3559
480,5848
2068,7179
485,1762
2775,5580
1163,2643
1366,1511
1505,3575
5546,8725
5980,7785
8015,8344
5642,6972
1027,7185
671,3120
4416,4973
4999,8034
8466,9448
81,5469
112,2604
2114,4972
710,3987
7979,8808
200,6100
262,3531
3206,3709
2865,9832
3161,6676
2621,7220
2722,2842
2158,3029
2123,5960
1648,7653
2468,9378
352,5410
555,1080
2612,8568
1053,9695
480,1660
4616,7370
4781,5717
6223,6994
8306,9553
1856,7538
6078,8333
9739,9815
4512,6495
59,5050
2906,3309
1237,8203
2391,5078
1553,6719
6312,7453
3635,5175
3687,9243
2551,8221
7513,9809
1553,9873
4068,7134
3679,8076
2370,5665
4099,6972
6786,9938
5484,5729
694,986
3264,7339
5048,8582
1039,4633
1378,1884
366,7048
6247,6691
672,2661
1972,9941
5015,9573
2477,8393
8194,8571
555,2490
260,2572
4733,5164
2833,6190
7148,8196
1501,4290
486,1343
3921,8898
420,3204
1731,6738
7128,9715
6204,7344
1222,8029
5427,7423
52,3976
5566,8521
3821,8438
4499,7333
5476,9759
3819,9560
2482,9760
1348,3415
5209,7200
5147,8308
665,5896
1759,8907
6314,7862
3668,6883
2177,3647
2476,8410
5069,9822
3520,9614
4354,6807
176,7287
8863,9581
2387,6382
5305,7554
4513,8557
3081,9688
252,7016
1372,9033
1038,7696
1143,1562
1418,9903
3880,5877
8116,9539
1748,5348
7374,8148
3200,8067
922,3320
6613,7232
135,9585
4087,7338
2160,7507
2595,7435
3770,5187
3271,9704
1294,2145
3405,8701
4924,8249
4786,8773
1696,1896
4292,9204
5092,5581
3448,3860
1386,6056
8784,9530
2048,9144
2225,3593
2512,7787
3544,4736
2735,9293
1935,2033
1300,1522
1955,3180
6771,7417
1229,9226
2999,8585
3825,6183
293,1139
5115,6854
846,9165
5464,8728
779,7714
3690,5958
2508,2605
5374,7788
2098,6871
1493,9915
1443,8108
1598,5538
1968,4317
830,9342
2146,4589
4073,4154
4702,8792
220,4165
4801,6290
4209,8630
2791,8676
530,4098
5464,5587
8134,8909
4672,6819
1812,3373
702,5787
4687,7881
1743,7474
1748,3617
1667,8647
173,8146
6988,8596
5171,5190
7959,8504
3675,4387
2971,7681
3680,4465
1307,3093
7582,8288
5783,7676
3589,9716
425,904
2546,9905
681,2587
4717,5141
4244,5446
8624,9833
3259,6808
2772,6461
1366,6827
645,6276
2842,5473
319,9489
5546,5639
5086,5654
5688,5988
3902,5867
2747,3600
794,2585
1071,7323
2220,8055
1017,8255
1318,7429
8885,9729
1273,3751
6054,7213
1333,6505
1930,9878
4431,7766
7067,9777
3142,6465
2544,8007
5391,6761
195,6992
1946,8812
2625,6360
1703,6610
6114,6338
1568,4170
2452,3170
2713,5197
1369,4226
4546,8776
2125,4209
1408,2905
9685,9731
7161,7732
7,1400
1536,8015
234,396
3415,8852
3323,9263
2358,8877
8140,9938
8088,9519
913,5528
6635,8790
2091,5500
2791,8355
3968,8920
6337,8867
3973,7049
597,2784
3640,7105
5674,6833
580,6523
5208,6774
3876,4120
3845,4541
2324,6152
7537,7551
3189,9340
1756,4648
2609,4564
775,5715
816,5716
4530,6566
522,8918
7523,8326
599,9101
1439,4419
45,3102
5783,7126
3317,8707
7305,8103
1157,6167
2012,4466
1416,8084
2452,4472
3131,5255
5514,9072
6942,9219
6869,7923
4622,6690
1478,8144
1166,1641
7991,9949
730,6709
2361,9659
1064,1630
3593,7945
2029,2541
550,8993
266,7248
7121,8817
7583,9602
2712,7149
1724,9489
5765,9943
729,6191
4485,6284
4030,8333
3211,8001
4873,5346
6370,7313
3801,8998
2638,6153
530,8462
1261,6466
1249,5180
7748,9854
1471,9982
3850,8631
2013,3886
762,7307
729,5144
4639,9316
361,5391
5225,8393
1709,5545
3424,4968
2094,7342
905,3276
3537,3862
4335,8043
481,9364
841,1305
3698,6668
5059,7808
5427,5760
2428,3431
5507,9661
6553,9477
3826,4638
350,9820
1049,3176
7207,9449
6658,7958
6343,6671
2776,9254
6628,7298
3999,7949
7316,9621
1549,6882
5826,8367
2259,2548
3730,7495
304,9300
1453,9803
3533,6429
3362,9994
2084,2961
243,9320
3610,7615
2373,2569
638,3174
831,1125
6343,6792
2998,4055
3256,4579
1735,7422
1874,4319
2306,6716
3157,3819
4354,9695
791,908
3779,9235
3963,5380
553,1265
1270,4555
2590,2688
1695,6010
3345,4055
2648,2666
3114,4122
999,9424
622,9474
8851,9907
2271,8277
3818,7621
5590,5592
2557,4204
1956,6953
440,4478
1620,4789
1632,6075
2843,9671
3483,8311
2391,3912
4555,5147
1914,4512
821,7324
5044,5540
5519,5833
4774,9880
1857,7132
2772,7926
1079,6801
4102,9487
4021,4166
638,6570
3554,4929
1216,1851
1835,8770
2659,7985
4309,6030
5067,8826
349,5649
3233,3561
920,8619
5469,8577
2771,5193
3858,7262
4099,6156
3696,6446
477,1633
2670,9985
3623,7395
632,8862
4995,7647
272,4355
6068,7566
7137,7551
2784,3038
5172,8182
57,5369
3494,9092
932,4549
519,704
940,5164
363,1396
7496,7605
1209,4305
1950,3751
1460,3658
6903,9720
5000,8785
1813,8886
3201,7648
469,3448
3129,3867
2435,6425
5711,9291
1086,4356
3658,5120
5437,6019
3374,5132
3544,5543
641,5891
1334,9790
3522,9167
2102,8844
3026,5553
149,4153
1233,4490
1654,1780
2576,4041
7760,9906
1547,3374
2679,6906
3694,7409
1228,7041
9125,9970
6126,6887
2084,8948
138,473
3185,6485
483,3625
6264,8285
72,1839
2220,8957
5756,6795
2879,3180
499,9756
4660,8326
1907,3249
107,3230
1819,5122
1218,7871
2424,2721
1599,6287
6869,7991
3820,6070
6273,6654
6304,6492
2372,7671
3161,6370
3362,9807
4680,7867
7226,9396
2651,6039
216,1308
4739,8447
4264,5185
5384,7165
1564,5367
6622,9403
5963,8535
689,2925
2953,7774
1826,6535
4983,9975
5327,7570
9468,9652
2121,7163
137,3351
2869,5336
5615,5987
6914,7481
2199,5770
3893,6790
178,4062
372,3110
2991,3720
9040,9363
2519,7293
9373,9657
667,3408
7191,9573
1049,3473
350,5687
2715,6158
6292,8198
3799,6495
595,6686
3661,4575
2102,4911
4557,7076
5710,9270
703,2018
1414,6725
1219,4271
2480,9674
3378,4408
5972,8903
2980,7516
4475,6670
1268,3409
1302,9409
968,1427
1544,8942
11,5295
152,8452
7183,8234
1176,2773
4687,7428
1419,6143
7227,8425
47,7059
1924,4329
2892,8692
509,2431
2448,5497
1922,6619
3589,7048
8482,8802
1908,3045
4614,6024
3611,7332
1930,2538
3070,9903
2008,7827
7235,8666
2273,6849
653,7929
796,1333
847,8963
3058,9519
7039,7973
1509,9082
7033,9885
2390,9999
4649,8088
8914,9748
734,9207
2594,9011
5745,8701
363,5773
1863,6025
690,1701
5789,7953
943,9731
8558,8773
2372,8531
5894,6434
3492,6310
2227,9604
381,3282
2409,2936
6285,6292
5664,6911
8950,9004
297,5540
3975,6171
3218,6717
742,4843
4735,8784
7128,9088
1591,3593
2126,6906
2341,8026
763,7117
1302,5705
2484,6614
2700,2711
5313,7219
545,8880
1894,4533
1008,2225
6379,8411
317,6020
2724,4236
678,7194
3773,7999
733,2700
1354,4030
4098,5315
8941,9692
519,6383
4748,4939
5466,6616
5469,5867
5159,6873
4918,5764
4675,8746
1311,9214
4575,9562
4600,8343
3084,6097
3316,9638
3736,6023
4305,6934
5036,9139
6199,9769
5032,7448
1152,3155
56,4235
3660,4163
6633,7257
2750,3484
6084,6786
6803,7705
213,957
7554,9559
746,5850
3508,5728
5153,6398
3248,8541
213,6555
858,9474
2318,6163
6139,6843
3644,7723
3594,5916
208,3178
4325,8875
2558,2617
7177,7478
2425,3256
2168,9787
1698,5142
6192,6625
894,9289
5968,9886
5479,8675
11,9430
3753,6848
1081,6900
4147,4789
5109,5429
2991,4835
348,1387
404,9132
3124,5630
2341,4201
3497,3660
6781,9356
1501,2763
4155,9753
2317,9442
994,9348
1426,6790
2828,5716
1066,1788
4190,7495
714,5507
368,7085
4028,5218
1863,2334
787,7971
6501,9423
1783,1816
2087,6657
1063,9303
2018,9001
1777,7663
2307,4445
1472,9013
1145,6632
3029,3383
1440,8243
5010,7126
1106,6677
3680,8039
6852,8310
2855,4664
5393,6369
3944,9546
6258,9557
4159,7256
654,2086
5411,7177
3780,4190
178,5540
6506,6626
3419,5645
1559,5575
975,8264
902,8954
847,4588
1308,9147
7814,8061
3366,4479
4883,6095
2305,5257
1753,4286
1049,1689
3631,4898
4525,6801
43,8590
3057,8275
2362,4744
677,1265
1432,9011
8419,9982
3173,7403
5037,7851
1527,2603
1449,9594
5107,8590
6186,6368
5835,9817
3312,4485
5091,5384
1354,3843
6651,9851
1498,6517
1418,4767
3620,7755
2015,2542
497,8100
3666,4424
8437,8659
5629,7884
6212,9925
4811,7666
2414,9872
2277,4942
2249,2894
4476,8844
4500,6986
5164,7969
3980,8448
2791,6560
2598,9171
1288,6764
3960,6483
2849,3010
3335,9814
6093,8819
890,2675
4138,9909
6626,7067
1199,7631
493,2221
6795,8044
1084,8812
1442,4090
3914,9117
6780,7655
4121,6414
6447,7711
7347,7473
4690,8557
5641,9304
3112,4938
1014,5720
1043,8407
66,2534
1779,5294
2617,4178
848,1752
2656,9768
9103,9822
4784,9094
6893,9868
3216,6200
1220,6764
2011,9737
2909,8901
7928,9037
2393,5638
7262,9213
4660,9967
1027,4908
860,1762
1044,4323
3315,3698
1601,2928
2445,5239
953,7551
1688,7771
1175,8189
476,6202
290,562
5136,6405
4169,9585
26,6639
1194,3449
223,508
7049,9226
3517,8383
4738,8466
1575,9678
2692,5762
579,8959
1871,4078
9551,9931
5673,6465
186,8210
704,3706
769,7070
6906,8359
381,6170
1198,4214
2010,8293
2547,5300
3362,8896
6226,9539
930,8600
3709,4244
1797,5970
1268,7841
5278,9211
3557,8024
4220,9765
7940,9410
3972,7485
3596,3936
3849,4116
108,921
1054,7215
7378,8596
8197,9453
3314,6172
3424,8555
1916,8119
376,7502
1204,7159
1216,2029
4629,7610
1718,5165
5470,8226
6156,9722
2686,5556
242,9902
2327,5623
1437,4859
1463,5814
71,1160
57,1225
1693,4290
984,5062
6367,8858
7340,9364
2364,5663
4845,8783
273,7121
3127,8574
2977,3382
1020,7580
390,3212
443,6522
1233,8627
4830,9828
7480,7573
6543,8158
1922,4419
4800,9427
4782,7838
1095,2920
4993,6035
4418,7561
1245,1898
6083,9341
1754,3990
3971,4068
9397,9466
584,1105
1027,7044
2455,6208
1753,6690
3967,7746
2771,6673
3748,6130
305,7059
143,8192
169,1011
4594,5629
969,1626
2142,9131
7266,9549
4999,6617
5694,6913
896,7648
7948,8270
219,4925
9714,9910
4025,8222
101,210
2084,9247
4989,6693
2816,4177
326,6192
3468,3874
3889,5853
3417,9012
3049,5324
5497,6052
6157,9774
4958,7235
1783,9147
453,7320
5422,7635
2462,8910
2372,7741
1918,3858
1019,9165
1727,7939
1457,1928
7212,7353
505,1481
3374,3700
5266,8906
5510,9037
3908,5327
4133,9875
597,6560
2208,7057
236,8732
3742,7896
4330,8295
276,8316
1699,8119
1470,2634
4682,5744
497,9712
2049,5199
253,455
280,558
4538,8180
2544,9342
5276,7651
4725,9992
630,1839
2968,8623
1373,6084
1810,5856
2118,5972
46,7975
3179,4605
1756,2358
2411,8705
969,2244
1707,1944
3649,4527
958,1560
1863,2457
6114,6397
347,3658
7771,8582
1496,9308
502,7696
6702,9536
1114,4059
704,8096
4787,6561
2297,6590
3042,6478
201,5755
1113,2602
8399,8824
3184,6827
8292,8698
2850,5490
155,8268
4128,6861
5506,9402
4525,9715
5194,7595
8341,8590
6696,9906
6764,8091
4848,8355
3404,7217
2893,8462
174,6187
2858,7946
776,859
2586,5272
2038,9116
4130,7028
558,636
1867,2818
4360,7261
2221,3575
1338,9378
1259,6870
1704,4517
6905,8565
604,5892
836,9396
5989,8337
3539,6479
864,8448
6170,7823
5463,7207
2705,3809
205,1164
4630,6977
590,4910
1636,6978
2262,7898
7907,8725
2596,7020
5295,7596
8251,9060
9111,9918
303,9283
527,1592
6023,7251
6045,8767
255,5307
3603,9510
3312,4608
7923,9379
7217,8399
1995,9661
5326,9016
6737,6779
1805,7285
3505,7891
6536,8452
4043,6749
794,7463
127,318
1038,1407
332,6843
564,6183
7508,9258
1871,6040
453,6086
4486,4959
3746,4957
7865,9266
475,4384
2868,4688
3367,4106
4252,5960
6249,8250
6242,9294
1980,7151
6617,6956
3100,7145
6159,7310
586,1367
6,6979
1205,5842
2693,6269
2557,7162
5631,6107
1565,3610
3853,6601
909,8180
8739,9362
2132,6875
2013,5463
1970,6813
3154,4119
578,6094
8477,9133
53,5226
2787,4591
689,7359
2363,4529
2607,6875
239,9782
4738,7408
1858,2327
1438,5905
827,8003
512,2478
5321,5773
6055,7724
5100,7760
6681,6725
1786,1929
1531,2871
4922,6707
3082,3354
4515,7780
2875,7979
6655,8658
3089,5693
2299,8048
1122,5268
2472,3775
2240,4206
4840,5483
292,2717
4048,6974
2617,6758
7849,7941
8033,8516
5536,8569
1100,8259
957,8210
1115,3400
4716,8012
3410,5347
285,8046
3194,9664
1075,1786
536,5413
8872,8978
5575,7221
3459,4485
4658,9764
4377,5550
382,2731
631,7902
3143,8157
2451,2911
4584,6028
5551,7766
2304,9573
3200,7873
4962,7142
5785,8347
1377,1720
986,8251
7044,7261
153,7984
3864,8038
4707,7303
555,565
7585,9305
4230,5917
6286,7582
6351,9963
2115,7018
3598,6872
6282,7877
349,8044
2338,4323
4050,6215
1200,7392
2645,9169
9312,9492
5204,8459
7632,9538
2524,6435
395,1222
849,2624
2507,7663
1209,4593
6474,7939
1350,4303
3889,4661
1050,5768
8020,8078
2457,2594
204,8457
5013,6797
1439,2547
2901,5725
5138,8899
8444,9924
591,8987
651,3376
3383,9562
1580,8040
1172,4539
8474,9308
1699,8900
307,8935
911,3488
2946,8477
1628,5758
4243,5172
2428,6336
896,7529
433,1877
8232,9896
2358,2830
2934,6144
5580,6628
2787,8834
2336,5929
4235,9899
2365,6401
8006,8772
2060,6519
332,3636
7563,8202
3111,9345
3918,6435
3897,5558
1961,4712
1503,5591
1217,5197
2946,6504
1953,8271
2323,5064
105,2583
158,4395
712,3749
2809,9653
5823,5874
4202,6315
3560,7077
6557,8579
8656,9419
2596,9545
2503,2901
4557,7940
6549,7671
1330,4212
3043,7726
4631,7108
6725,9065
7002,7653
2119,2682
658,4573
62,9652
5277,9205
4184,9048
3554,8881
3762,9813
1617,2700
3213,8322
5157,5353
4207,7948
3713,7413
4991,5815
1631,8233
4865,4952
3524,9877
615,3829
6456,6554
8035,8560
3472,9192
7142,7259
5877,6581
2682,6592
2957,4582
5042,9688
2953,3645
3018,3774
5550,9606
194,8387
2023,4677
6800,8663
8849,9423
2856,7095
917,5978
3329,8739
1369,7536
3769,4352
6000,7038
1093,5157
404,8318
2584,3145
173,7631
6867,7791
4300,5156
7724,8940
3772,5525
380,1959
717,9717
2606,8273
3599,4062
1209,9425
1742,7939
4471,6960
713,6040
1166,4359
3872,6106
3001,9031
3835,6224
1918,9821
2537,9570
276,8439
3970,5402
2464,3615
4334,4861
217,3136
4336,5459
6264,8144
309,5583
5223,8177
3077,7979
6649,9446
4732,4907
4221,8138
1869,3405
742,8619
4114,8012
3622,9270
7777,9301
318,6571
3801,9730
4040,7797
5094,9689
8083,9115
4239,4745
4755,8008
1667,1729
1761,7026
5957,9569
1817,8584
5131,7541
5551,6666
955,2432
7293,7912
7872,9282
4006,4133
6583,7227
4007,9956
647,2437
2125,4162
4268,6506
5799,9518
176,8450
3044,9801
4071,7618
1089,8905
1719,4642
3539,9743
664,805
7859,7892
5920,6775
4337,9723
6995,7558
1173,2897
956,4885
5396,9515
2363,6141
7547,7805
5631,7840
4963,7152
5080,8491
1021,4196
4568,8545
2206,2370
4650,7042
2468,9173
3538,9346
6179,7766
2598,8236
1679,5980
4766,7927
2314,4047
411,2587
2128,2608
261,3811
4027,4555
7263,8517
1750,5631
3903,3967
4283,5191
1977,7744
3035,5914
1204,6774
1264,3149
1941,6515
2627,8011
6436,9125
5646,9531
1057,4253
1645,8853
873,2217
8593,9189
5946,8480
786,6907
1085,3268
5018,9144
3110,5391
5496,6968
6284,8475
326,1001
548,5278
630,9814
573,4813
9578,9934
101,7972
4829,7407
4918,8159
7182,8578
229,8652
33,4576
6209,7254
557,9420
3797,8428
8900,9955
8977,9421
2332,7167
112,8252
2951,4701
2199,4837
427,450
605,7367
6916,8809
4829,7299
4439,8282
7887,8222
4055,7124
3843,6450
897,1998
891,3415
27,3081
677,7135
44,5236
8056,9613
6740,8475
6724,7942
2947,4299
2190,6831
595,1323
4627,8639
4281,6016
6251,6446
2462,5718
2508,8803
2453,8867
1856,6662
4414,9514
2423,7941
2493,5004
456,575
5524,9500
4968,9282
837,3421
8292,9681
1745,9985
1452,6434
3288,9853
4750,9059
3637,8546
1285,5045
1500,7148
3513,3784
4113,5506
839,1023
1652,3755
3971,4864
6125,9087
1216,6342
85,2217
3980,4869
1642,2020
2378,7538
7472,9245
736,8859
8535,9974
1938,8929
2702,5420
5728,9801
4453,6449
630,2956
1032,4922
5519,7183
3113,5368
5088,7899
4730,8191
1535,2015
3701,6292
7061,7846
803,5772
5542,9503
1205,3308
685,2784
7044,7384
165,2977
2260,7788
1198,5749
1291,3762
3137,5846
603,1927
2681,5603
5260,9524
609,7340
7486,9422
3105,9048
6458,7933
4721,5459
2682,7373
1113,5826
8208,8774
2021,5449
6511,8210
2898,4261
4871,6157
426,4078
677,9847
1816,5919
1016,4846
80,1189
5893,8282
1461,3247
3783,5068
6730,6941
422,9971
6816,8930
4729,5700
83,8061
141,9463
7531,8912
6963,9623
917,9684
1792,7669
691,3450
172,8483
504,591
6126,6130
7002,7521
5135,8495
7648,9847
3192,4455
3751,6139
2966,8313
4107,5020
3828,5605
3666,7758
3088,9996
542,2051
1494,8096
7277,8399
6234,8588
1972,8623
4435,5236
1591,4767
202,5743
4340,5901
1253,7926
4632,8224
1664,7460
8522,8546
4501,6758
5750,7428
6612,6898
4217,4784
1183,9816
1501,9159
7777,8806
256,9133
7179,9382
3485,7723
3404,4617
2511,9732
8882,9239
1072,3505
9294,9412
4626,5827
1171,4450
1560,4262
4574,9572
730,772
413,9467
6653,9982
4944,7341
434,9526
930,3048
1439,5140
6966,9395
6364,6846
6184,7373
5119,7049
6996,9237
377,3249
678,2423
905,3405
531,9351
4715,8622
245,6742
434,9647
808,3472
3970,9471
1754,2155
6067,8959
2359,3955
955,4165
712,731
6974,9111
3887,8884
570,9952
5256,9390
3335,4880
3004,6995
136,3200
268,1104
1395,5497
2396,8280
6346,6630
4417,8712
5518,8693
5951,9255
3477,7565
523,4484
5650,5651
3126,6584
4466,8833
4593,7891
448,4310
682,4248
5984,8385
7340,9181
3147,8858
5786,8629
1060,4874
2045,6895
4206,6398
1823,2123
5045,6416
740,9033
4341,8020
621,7392
6688,8208
4454,9129
3317,5253
474,7867
2912,3218
6670,7750
4810,7717
9328,9557
5553,7007
1723,8722
8684,9455
7230,7858
969,4584
4987,9484
1678,8427
4988,8891
8482,9213
485,5410
605,3489
2014,5343
2251,7242
4813,4874
5203,7769
2744,8343
48,5786
4528,7859
149,4148
1532,5047
8120,8487
6306,8799
377,8176
6319,7277
2102,5577
3635,7992
1037,6007
5369,7428
1766,6153
6750,9449
3226,8467
4881,9825
1343,8679
923,6107
5028,6317
508,9046
5393,6738
4985,7667
1802,6749
4045,8277
4446,7803
165,7367
2295,7032
1369,8035
5517,8881
4357,9451
1012,6714
1060,3493
1399,3713
4594,7903
6252,8283
1076,7409
1797,5708
2774,9366
2640,4936
1129,5020
263,8289
198,3464
4831,8260
7310,7584
1009,9570
5911,6677
3397,9530
948,9331
9673,9931
2899,7267
3866,8288
3554,6710
6383,6901
295,7948
1362,7335
7019,7233
4679,7758
1888,8613
3726,4457
589,7119
3270,6429
655,1471
1951,1987
2891,8961
2461,6933
2089,9276
3838,9744
1686,1689
300,2936
3149,7721
2213,8265
2084,8380
1814,6304
1196,7423
4484,9626
4942,8518
1612,9324
1191,2878
1531,7413
5227,9670
1988,9086
3578,5848
5971,6152
2447,5170
7335,8758
3646,5494
4945,7742
2693,4179
6741,8019
5,5647
2273,3327
5431,7864
5035,5420
4355,7647
3140,4575
6770,7939
2247,7741
2730,4182
8499,8751
1620,8811
7370,7705
1004,6327
288,2710
7798,7886
6435,6902
822,6027
908,7262
2210,8990
987,5865
548,4246
892,2824
4045,4573
239,2673
491,9310
515,5237
3338,7569
6023,7752
8910,9611
2454,5307
5281,6886
7329,7421
2871,5595
3428,8667
4716,8016
1125,8027
2221,3500
2649,3681
629,8614
5923,6474
2447,6472
3,8337
3888,6329
6061,7347
20,3322
2142,4560
136,235
6593,8147
3188,6591
2238,5022
5488,8882
2221,3621
5896,8219
2310,4144
2408,5433
1637,5556
1960,6209
6972,8143
6502,9426
1836,4224
330,4652
2849,3863
4364,8365
3017,5662
3525,7566
4046,8958
4450,4877
8503,9098
2049,9822
1858,4104
113,8976
526,6405
3513,5196
9159,9402
621,2212
1770,5159
4176,5927
1910,4644
1578,1727
5067,5869
6316,6539
3468,8055
5610,7545
2028,2192
195,2225
2917,6491
3746,6050
2428,7495
4620,6577
7813,9940
203,4560
1678,9892
436,4502
3051,7888
5286,7606
8599,9048
5421,9457
3577,4965
209,6711
1186,4707
6172,6652
1213,8745
5882,6324
54,8759
2296,4464
2621,4749
1633,4120
1182,4184
943,7874
3095,8052
7025,9456
6118,8523
5965,9476
2286,9603
1397,8044
1249,2962
9077,9467
1430,7174
5869,8721
5454,6493
3461,4093
5051,7042
3626,6375
2781,4334
3937,6008
2397,5391
119,6794
6478,9179
1526,3849
2916,3475
1075,1469
4371,5482
8046,8848
6470,6551
3808,5076
1941,7511
1795,5996
5471,8015
777,3209
4705,7987
2012,7162
4434,4720
2486,8967
4855,6470
3807,5790
8388,9901
4391,7238
141,9828
5552,9256
3713,3913
1999,9559
9406,9884
3682,4334
3721,5723
2806,2943
3220,7427
2132,3901
5287,6514
6892,8014
3895,7192
2639,4119
3014,3242
5970,9661
242,8311
7518,7887
2169,5661
523,7506
796,4403
3187,9027
5656,5943
4809,9225
1738,5559
4649,5560
578,4180
4650,8643
4297,7064
5899,7098
3551,6227
882,5988
4698,6361
6442,8959
6165,8156
6449,9901
795,9254
621,9367
951,2597
443,4113
1071,7617
26,526
1428,1475
1484,6968
2313,8513
3335,9433
6676,7032
6213,9257
2679,9802
3388,3846
6478,8508
7357,7430
165,577
3031,7746
8125,8699
3559,5650
6857,8541
1573,6902
2640,3394
4522,5209
3587,8607
3116,5309
428,8800
2568,2737
2781,5999
1647,8019
2755,8750
1406,5449
1387,2992
4248,9026
1576,2891
2030,3098
4927,7594
9404,9433
573,9797
55,7885
6825,6872
2049,2064
3382,5586
2318,9099
3015,8044
33,3144
5846,9971
6290,9453
4688,4989
8373,9043
7605,8942
1459,3366
8432,9394
2539,4264
180,4776
4197,9303
4257,9088
3415,9267
817,2852
9583,9906
3869,6239
6240,9982
3502,5250
5143,5919
7915,9777
6151,7466
5013,5809
3344,5307
2131,4819
7638,8422
7000,9626
4214,8610
1659,5238
2276,6900
846,8104
7755,8189
8168,8358
821,3846
8634,8831
2378,5864
2655,6667
5287,7482
1459,3608
991,3274
3420,6470
2035,8908
8869,9637
2916,6442
789,2093
868,2386
4834,6224
2777,6778
1258,7001
8608,8778
493,2216
2618,3523
6110,8165
5157,6096
2072,8682
253,8650
979,4324
681,2681
189,8894
6830,8225
4982,6738
1508,3887
930,1695
3056,8300
1205,1634
420,8009
7154,7568
2887,7030
6894,8920
3253,8585
2262,4763
553,8538
5427,5812
925,7363
4579,7637
6616,9060
202,2309
2765,7720
4298,9869
2656,8716
1641,8738
182,7026
235,8084
1458,9785
3647,4166
618,9808
401,7070
3892,5660
3916,6017
6911,7409
3814,5740
629,2992
5730,9125
708,1070
80,5702
1838,5990
4061,6371
8171,8911
1925,6403
1777,5485
1113,2058
7960,9896
2058,7161
5826,6325
5812,6390
2651,3245
1572,9927
5598,7104
2284,5703
1613,9699
763,1127
4601,8163
293,4884
139,6632
5803,9724
4657,8243
2473,7295
6922,9530
9360,9836
590,7736
172,5762
171,1373
4111,6205
2571,4834
5083,5318
236,6457
4742,7011
1980,8567
7355,7547
789,5623
4125,5322
2831,7390
3910,5168
6996,8368
4914,9683
671,2598
8224,9164
1961,5026
8528,8609
467,4525
4106,5982
3190,3243
2505,3140
3472,3895
7905,9798
3159,7047
122,5658
2646,7465
437,4538
1629,6889
6288,8439
1166,2432
696,8670
2850,4491
5384,8935
2853,6711
2753,8759
4043,7481
5428,8749
1436,7662
261,3494
4689,5377
2972,5127
2292,9569
7317,8702
7398,9593
5139,5613
7059,7683
2058,6369
320,7228
6182,6592
1985,4807
1976,9188
2344,3693
74,9387
4656,9293
258,3317
7682,9244
5868,7075
8094,9417
3612,7042
1877,9596
1512,8946
1693,7789
399,3441
3516,7977
469,8869
5156,6317
7036,8022
5754,7175
1279,1504
7003,7616
965,9716
5688,6592
2094,2656
1404,2438
4979,7852
4261,7572
235,1239
5167,8546
3443,5893
7331,9781
7207,8025
2833,4392
2585,8528
319,3569
5203,7947
5234,9246
3453,7520
2166,4343
5604,9459
1874,3942
8336,9229
7120,8672
1647,1684
3644,4203
4530,7036
7,1883
8,6952
7678,8670
4548,9305
4047,5118
3567,5676
6531,7001
2785,5906
3535,3923
1126,2857
2081,5295
3032,7769
1960,2265
2443,9589
2066,9602
5466,6613
1522,8980
4242,5478
2208,7736
5771,9878
3381,8825
246,5669
2586,2663
939,5138
2914,7898
378,7545
5605,5644
2458,5403
2679,8489
6137,6902
7472,8807
2575,9600
4798,6046
5273,6339
6539,8639
1983,7510
768,8639
803,5442
8583,8789
6219,6971
1747,3032
3047,7609
4358,9157
2954,5166
2911,4338
595,7664
4848,8792
736,7374
2329,7100
8399,9611
2596,3014
4741,8400
3223,5327
3291,4973
5970,6617
4385,7984
5440,9606
1472,9105
765,7028
216,5803
3053,6084
7062,8572
1496,8001
9047,9539
511,7148
2914,6154
4077,4340
6774,8519
730,2762
8751,9662
3195,3400
1113,8650
5603,6981
444,9952
6853,7765
5666,8498
1401,6084
2137,9616
915,2929
